9.999999995725009638e-01 2.924035106427325787e-05 0.000000000000000000e+00 -8.000000000000000000e+00 -2.924035106427325787e-05 9.999999995725009638e-01 0.000000000000000000e+00 5.000000000000000000e+00 0.000000000000000000e+00 0.000000000000000000e+00 1.000000000000000000e+00 0.000000000000000000e+00
9.972680536636152615e-01 -7.386764611103115163e-02 0.000000000000000000e+00 -8.011337280273437500e+00 7.386764611103115163e-02 9.972680536636152615e-01 0.000000000000000000e+00 4.603901386260986328e+00 0.000000000000000000e+00 0.000000000000000000e+00 1.000000000000000000e+00 0.000000000000000000e+00
9.885924121732148073e-01 -1.506155456569621964e-01 0.000000000000000000e+00 -7.989420890808105469e+00 1.506155456569621964e-01 9.885924121732148073e-01 0.000000000000000000e+00 4.209031581878662109e+00 0.000000000000000000e+00 0.000000000000000000e+00 1.000000000000000000e+00 0.000000000000000000e+00
9.630272330867621910e-01 -2.694040614639188758e-01 0.000000000000000000e+00 -7.905043125152587891e+00 2.694040614639188758e-01 9.630272330867621910e-01 0.000000000000000000e+00 3.874557018280029297e+00 0.000000000000000000e+00 0.000000000000000000e+00 1.000000000000000000e+00 0.000000000000000000e+00
9.309511765685084539e-01 -3.651436797285552704e-01 0.000000000000000000e+00 -7.767210483551025391e+00 3.651436797285552704e-01 9.309511765685084539e-01 0.000000000000000000e+00 3.551586866378784180e+00 0.000000000000000000e+00 0.000000000000000000e+00 1.000000000000000000e+00 0.000000000000000000e+00
8.571472665390013068e-01 -5.150714158878535454e-01 0.000000000000000000e+00 -7.585347175598144531e+00 5.150714158878535454e-01 8.571472665390013068e-01 0.000000000000000000e+00 3.086232900619506836e+00 0.000000000000000000e+00 0.000000000000000000e+00 1.000000000000000000e+00 0.000000000000000000e+00
8.771117502056532400e-01 -4.802863496406865051e-01 0.000000000000000000e+00 -7.162182331085205078e+00 4.802863496406865051e-01 8.771117502056532400e-01 0.000000000000000000e+00 2.707819461822509766e+00 0.000000000000000000e+00 0.000000000000000000e+00 1.000000000000000000e+00 0.000000000000000000e+00
8.677883272307627127e-01 -4.969340188818176518e-01 0.000000000000000000e+00 -6.915628910064697266e+00 4.969340188818176518e-01 8.677883272307627127e-01 0.000000000000000000e+00 2.301689147949218750e+00 0.000000000000000000e+00 0.000000000000000000e+00 1.000000000000000000e+00 0.000000000000000000e+00
7.804555019824656048e-01 -6.252113318113304841e-01 0.000000000000000000e+00 -6.661035537719726562e+00 6.252113318113304841e-01 7.804555019824656048e-01 0.000000000000000000e+00 1.961883783340454102e+00 0.000000000000000000e+00 0.000000000000000000e+00 1.000000000000000000e+00 0.000000000000000000e+00
7.101890774945568419e-01 -7.040109901183576602e-01 0.000000000000000000e+00 -6.370690345764160156e+00 7.040109901183576602e-01 7.101890774945568419e-01 0.000000000000000000e+00 1.564013361930847168e+00 0.000000000000000000e+00 0.000000000000000000e+00 1.000000000000000000e+00 0.000000000000000000e+00
6.741935982865534527e-01 -7.385546642120875971e-01 0.000000000000000000e+00 -5.972363471984863281e+00 7.385546642120875971e-01 6.741935982865534527e-01 0.000000000000000000e+00 1.331038951873779297e+00 0.000000000000000000e+00 0.000000000000000000e+00 1.000000000000000000e+00 0.000000000000000000e+00
7.710628074987968539e-01 -6.367590964344941318e-01 0.000000000000000000e+00 -5.729439735412597656e+00 6.367590964344941318e-01 7.710628074987968539e-01 0.000000000000000000e+00 1.008994698524475098e+00 0.000000000000000000e+00 0.000000000000000000e+00 1.000000000000000000e+00 0.000000000000000000e+00
7.493611897115320941e-01 -6.621614662256609662e-01 0.000000000000000000e+00 -5.389589786529541016e+00 6.621614662256609662e-01 7.493611897115320941e-01 0.000000000000000000e+00 7.321913838386535645e-01 0.000000000000000000e+00 0.000000000000000000e+00 1.000000000000000000e+00 0.000000000000000000e+00
7.030636954120925708e-01 -7.111268805167558771e-01 0.000000000000000000e+00 -5.126013278961181641e+00 7.111268805167558771e-01 7.030636954120925708e-01 0.000000000000000000e+00 1.958358287811279297e-01 0.000000000000000000e+00 0.000000000000000000e+00 1.000000000000000000e+00 0.000000000000000000e+00
5.505972482743299867e-01 -8.347710286016973846e-01 0.000000000000000000e+00 -4.787259101867675781e+00 8.347710286016973846e-01 5.505972482743299867e-01 0.000000000000000000e+00 6.886354833841323853e-02 0.000000000000000000e+00 0.000000000000000000e+00 1.000000000000000000e+00 0.000000000000000000e+00
5.487200000260953336e-01 -8.360061970890897420e-01 0.000000000000000000e+00 -4.381050109863281250e+00 8.360061970890897420e-01 5.487200000260953336e-01 0.000000000000000000e+00 -2.166796773672103882e-01 0.000000000000000000e+00 0.000000000000000000e+00 1.000000000000000000e+00 0.000000000000000000e+00
4.457360934845466249e-01 -8.951644178390556483e-01 0.000000000000000000e+00 -4.192727565765380859e+00 8.951644178390556483e-01 4.457360934845466249e-01 0.000000000000000000e+00 -4.448100626468658447e-01 0.000000000000000000e+00 0.000000000000000000e+00 1.000000000000000000e+00 0.000000000000000000e+00
4.185795277270509818e-01 -9.081801467593304533e-01 0.000000000000000000e+00 -3.608418941497802734e+00 9.081801467593304533e-01 4.185795277270509818e-01 0.000000000000000000e+00 -6.207560896873474121e-01 0.000000000000000000e+00 0.000000000000000000e+00 1.000000000000000000e+00 0.000000000000000000e+00
4.797363888890379680e-01 -8.774126721080028890e-01 0.000000000000000000e+00 -3.253323554992675781e+00 8.774126721080028890e-01 4.797363888890379680e-01 0.000000000000000000e+00 -9.198496937751770020e-01 0.000000000000000000e+00 0.000000000000000000e+00 1.000000000000000000e+00 0.000000000000000000e+00
4.675409420815091477e-01 -8.839714177944527629e-01 0.000000000000000000e+00 -2.893999814987182617e+00 8.839714177944527629e-01 4.675409420815091477e-01 0.000000000000000000e+00 -9.103404283523559570e-01 0.000000000000000000e+00 0.000000000000000000e+00 1.000000000000000000e+00 0.000000000000000000e+00
3.414830685866031001e-01 -9.398879262277377578e-01 0.000000000000000000e+00 -2.970685243606567383e+00 9.398879262277377578e-01 3.414830685866031001e-01 0.000000000000000000e+00 -1.028231024742126465e+00 0.000000000000000000e+00 0.000000000000000000e+00 1.000000000000000000e+00 0.000000000000000000e+00
2.322046970634859264e-01 -9.726669412813693238e-01 0.000000000000000000e+00 -2.681194067001342773e+00 9.726669412813693238e-01 2.322046970634859264e-01 0.000000000000000000e+00 -1.017078638076782227e+00 0.000000000000000000e+00 0.000000000000000000e+00 1.000000000000000000e+00 0.000000000000000000e+00
1.071851291216396745e-01 -9.942390799476640284e-01 0.000000000000000000e+00 -2.193458795547485352e+00 9.942390799476640284e-01 1.071851291216396745e-01 0.000000000000000000e+00 -1.019708395004272461e+00 0.000000000000000000e+00 0.000000000000000000e+00 1.000000000000000000e+00 0.000000000000000000e+00
-1.111648071716227204e-01 -9.938019851290779139e-01 0.000000000000000000e+00 -1.778235554695129395e+00 9.938019851290779139e-01 -1.111648071716227204e-01 0.000000000000000000e+00 -9.228453040122985840e-01 0.000000000000000000e+00 0.000000000000000000e+00 1.000000000000000000e+00 0.000000000000000000e+00
-2.708401459839442360e-01 -9.626243375914592670e-01 0.000000000000000000e+00 -1.342707633972167969e+00 9.626243375914592670e-01 -2.708401459839442360e-01 0.000000000000000000e+00 -8.396505713462829590e-01 0.000000000000000000e+00 0.000000000000000000e+00 1.000000000000000000e+00 0.000000000000000000e+00
-4.055829770333545525e-01 -9.140582304977956651e-01 0.000000000000000000e+00 -1.031966805458068848e+00 9.140582304977956651e-01 -4.055829770333545525e-01 0.000000000000000000e+00 -6.466228365898132324e-01 0.000000000000000000e+00 0.000000000000000000e+00 1.000000000000000000e+00 0.000000000000000000e+00
-5.548015646067613327e-01 -8.319827064968896568e-01 0.000000000000000000e+00 -8.601562380790710449e-01 8.319827064968896568e-01 -5.548015646067613327e-01 0.000000000000000000e+00 -4.029925763607025146e-01 0.000000000000000000e+00 0.000000000000000000e+00 1.000000000000000000e+00 0.000000000000000000e+00
-6.376412620427637234e-01 -7.703334478915683237e-01 0.000000000000000000e+00 -6.976213455200195312e-01 7.703334478915683237e-01 -6.376412620427637234e-01 0.000000000000000000e+00 -1.904443651437759399e-01 0.000000000000000000e+00 0.000000000000000000e+00 1.000000000000000000e+00 0.000000000000000000e+00
-7.900609313842416048e-01 -6.130283229184967375e-01 0.000000000000000000e+00 -4.470071494579315186e-01 6.130283229184967375e-01 -7.900609313842416048e-01 0.000000000000000000e+00 1.630693972110748291e-01 0.000000000000000000e+00 0.000000000000000000e+00 1.000000000000000000e+00 0.000000000000000000e+00
-8.915688547125522057e-01 -4.528851701110867545e-01 0.000000000000000000e+00 -1.199380680918693542e-01 4.528851701110867545e-01 -8.915688547125522057e-01 0.000000000000000000e+00 5.650403499603271484e-01 0.000000000000000000e+00 0.000000000000000000e+00 1.000000000000000000e+00 0.000000000000000000e+00
9.237599375588534389e-01 3.829720326097759142e-01 0.000000000000000000e+00 1.422792114317416971e-02 -3.829720326097759142e-01 9.237599375588534389e-01 0.000000000000000000e+00 8.826546669006347656e-01 0.000000000000000000e+00 0.000000000000000000e+00 1.000000000000000000e+00 0.000000000000000000e+00
9.562733160430664237e-01 2.924745202987733550e-01 0.000000000000000000e+00 1.325192004442214966e-01 -2.924745202987733550e-01 9.562733160430664237e-01 0.000000000000000000e+00 1.395415782928466797e+00 0.000000000000000000e+00 0.000000000000000000e+00 1.000000000000000000e+00 0.000000000000000000e+00
9.710202418139105562e-01 2.389972593726852335e-01 0.000000000000000000e+00 2.128076255321502686e-01 -2.389972593726852335e-01 9.710202418139105562e-01 0.000000000000000000e+00 1.788876056671142578e+00 0.000000000000000000e+00 0.000000000000000000e+00 1.000000000000000000e+00 0.000000000000000000e+00
9.999805867341353682e-01 6.231063701676066435e-03 0.000000000000000000e+00 3.502622246742248535e-01 -6.231063701676066435e-03 9.999805867341353682e-01 0.000000000000000000e+00 2.026106834411621094e+00 0.000000000000000000e+00 0.000000000000000000e+00 1.000000000000000000e+00 0.000000000000000000e+00
9.798685926212793440e-01 -1.996435353183100281e-01 0.000000000000000000e+00 1.354640722274780273e-01 1.996435353183100281e-01 9.798685926212793440e-01 0.000000000000000000e+00 2.467796325683593750e+00 0.000000000000000000e+00 0.000000000000000000e+00 1.000000000000000000e+00 0.000000000000000000e+00
9.380647500750055601e-01 -3.464599899941079864e-01 0.000000000000000000e+00 -1.921184360980987896e-02 3.464599899941079864e-01 9.380647500750055601e-01 0.000000000000000000e+00 2.930860519409179688e+00 0.000000000000000000e+00 0.000000000000000000e+00 1.000000000000000000e+00 0.000000000000000000e+00
8.652220931241826340e-01 -5.013888008021403220e-01 0.000000000000000000e+00 -2.753083109855651855e-01 5.013888008021403220e-01 8.652220931241826340e-01 0.000000000000000000e+00 3.223742008209228516e+00 0.000000000000000000e+00 0.000000000000000000e+00 1.000000000000000000e+00 0.000000000000000000e+00
7.718639321685393240e-01 -6.357877556365177929e-01 0.000000000000000000e+00 -4.213609099388122559e-01 6.357877556365177929e-01 7.718639321685393240e-01 0.000000000000000000e+00 3.668048620223999023e+00 0.000000000000000000e+00 0.000000000000000000e+00 1.000000000000000000e+00 0.000000000000000000e+00
7.668232202564698730e-01 -6.418583557729052869e-01 0.000000000000000000e+00 -5.999372601509094238e-01 6.418583557729052869e-01 7.668232202564698730e-01 0.000000000000000000e+00 4.065267086029052734e+00 0.000000000000000000e+00 0.000000000000000000e+00 1.000000000000000000e+00 0.000000000000000000e+00
7.507706222523761186e-01 -6.605629968161855770e-01 0.000000000000000000e+00 -9.302743673324584961e-01 6.605629968161855770e-01 7.507706222523761186e-01 0.000000000000000000e+00 4.524998188018798828e+00 0.000000000000000000e+00 0.000000000000000000e+00 1.000000000000000000e+00 0.000000000000000000e+00
-7.617923970539464129e-01 6.478212282650225307e-01 0.000000000000000000e+00 -8.425442576408386230e-01 -6.478212282650225307e-01 -7.617923970539464129e-01 0.000000000000000000e+00 4.383160591125488281e+00 0.000000000000000000e+00 0.000000000000000000e+00 1.000000000000000000e+00 0.000000000000000000e+00
6.370159347199830790e-01 -7.708506333349064432e-01 0.000000000000000000e+00 -1.413416862487792969e+00 7.708506333349064432e-01 6.370159347199830790e-01 0.000000000000000000e+00 4.846040248870849609e+00 0.000000000000000000e+00 0.000000000000000000e+00 1.000000000000000000e+00 0.000000000000000000e+00
4.804374942578543140e-01 -8.770289699384132831e-01 0.000000000000000000e+00 -1.793466329574584961e+00 8.770289699384132831e-01 4.804374942578543140e-01 0.000000000000000000e+00 5.071850299835205078e+00 0.000000000000000000e+00 0.000000000000000000e+00 1.000000000000000000e+00 0.000000000000000000e+00
3.873739049141916024e-01 -9.219226962123944213e-01 0.000000000000000000e+00 -2.226537466049194336e+00 9.219226962123944213e-01 3.873739049141916024e-01 0.000000000000000000e+00 5.426729679107666016e+00 0.000000000000000000e+00 0.000000000000000000e+00 1.000000000000000000e+00 0.000000000000000000e+00
2.813527066823220957e-01 -9.596044260227915013e-01 0.000000000000000000e+00 -2.687606811523437500e+00 9.596044260227915013e-01 2.813527066823220957e-01 0.000000000000000000e+00 5.714441299438476562e+00 0.000000000000000000e+00 0.000000000000000000e+00 1.000000000000000000e+00 0.000000000000000000e+00
2.185760976088697571e-01 -9.758199063116502758e-01 0.000000000000000000e+00 -3.171824216842651367e+00 9.758199063116502758e-01 2.185760976088697571e-01 0.000000000000000000e+00 5.770433902740478516e+00 0.000000000000000000e+00 0.000000000000000000e+00 1.000000000000000000e+00 0.000000000000000000e+00
1.875640709800575345e-01 -9.822523704615774287e-01 0.000000000000000000e+00 -3.555089473724365234e+00 9.822523704615774287e-01 1.875640709800575345e-01 0.000000000000000000e+00 5.814359664916992188e+00 0.000000000000000000e+00 0.000000000000000000e+00 1.000000000000000000e+00 0.000000000000000000e+00
6.182969353589647804e-02 -9.980867141672897791e-01 0.000000000000000000e+00 -4.063878536224365234e+00 9.980867141672897791e-01 6.182969353589647804e-02 0.000000000000000000e+00 6.129354000091552734e+00 0.000000000000000000e+00 0.000000000000000000e+00 1.000000000000000000e+00 0.000000000000000000e+00
-6.659914001624696323e-02 -9.977798126586328031e-01 0.000000000000000000e+00 -4.536619186401367188e+00 9.977798126586328031e-01 -6.659914001624696323e-02 0.000000000000000000e+00 6.112311840057373047e+00 0.000000000000000000e+00 0.000000000000000000e+00 1.000000000000000000e+00 0.000000000000000000e+00
-9.562733651352776920e-02 -9.954172052518122094e-01 0.000000000000000000e+00 -5.112610340118408203e+00 9.954172052518122094e-01 -9.562733651352776920e-02 0.000000000000000000e+00 6.109103679656982422e+00 0.000000000000000000e+00 0.000000000000000000e+00 1.000000000000000000e+00 0.000000000000000000e+00
-1.801974081219676060e-01 -9.836304662352244321e-01 0.000000000000000000e+00 -5.558104515075683594e+00 9.836304662352244321e-01 -1.801974081219676060e-01 0.000000000000000000e+00 6.156559467315673828e+00 0.000000000000000000e+00 0.000000000000000000e+00 1.000000000000000000e+00 0.000000000000000000e+00
-1.531340583688627077e-01 -9.882054240730930861e-01 0.000000000000000000e+00 -6.000875473022460938e+00 9.882054240730930861e-01 -1.531340583688627077e-01 0.000000000000000000e+00 5.997486114501953125e+00 0.000000000000000000e+00 0.000000000000000000e+00 1.000000000000000000e+00 0.000000000000000000e+00
-3.463386167065652388e-01 -9.381095685354579050e-01 0.000000000000000000e+00 -6.463714599609375000e+00 9.381095685354579050e-01 -3.463386167065652388e-01 0.000000000000000000e+00 5.975524425506591797e+00 0.000000000000000000e+00 0.000000000000000000e+00 1.000000000000000000e+00 0.000000000000000000e+00
-3.963706778338866865e-01 -9.180905651151770597e-01 0.000000000000000000e+00 -6.751520633697509766e+00 9.180905651151770597e-01 -3.963706778338866865e-01 0.000000000000000000e+00 6.004901885986328125e+00 0.000000000000000000e+00 0.000000000000000000e+00 1.000000000000000000e+00 0.000000000000000000e+00
-4.958216336895477361e-01 -8.684243821804106256e-01 0.000000000000000000e+00 -7.065460205078125000e+00 8.684243821804106256e-01 -4.958216336895477361e-01 0.000000000000000000e+00 5.761585712432861328e+00 0.000000000000000000e+00 0.000000000000000000e+00 1.000000000000000000e+00 0.000000000000000000e+00
-5.803502658305069728e-01 -8.143669743736295930e-01 0.000000000000000000e+00 -7.600155353546142578e+00 8.143669743736295930e-01 -5.803502658305069728e-01 0.000000000000000000e+00 5.690488338470458984e+00 0.000000000000000000e+00 0.000000000000000000e+00 1.000000000000000000e+00 0.000000000000000000e+00
-6.784985459996334400e-01 -7.346017445367137855e-01 0.000000000000000000e+00 -8.078533172607421875e+00 7.346017445367137855e-01 -6.784985459996334400e-01 0.000000000000000000e+00 5.375739097595214844e+00 0.000000000000000000e+00 0.000000000000000000e+00 1.000000000000000000e+00 0.000000000000000000e+00
-7.404933329557468191e-01 -6.720637052006970258e-01 0.000000000000000000e+00 -8.299403190612792969e+00 6.720637052006970258e-01 -7.404933329557468191e-01 0.000000000000000000e+00 5.065006256103515625e+00 0.000000000000000000e+00 0.000000000000000000e+00 1.000000000000000000e+00 0.000000000000000000e+00
-9.471107214079186321e-01 -3.209069668831947553e-01 0.000000000000000000e+00 -8.637585639953613281e+00 3.209069668831947553e-01 -9.471107214079186321e-01 0.000000000000000000e+00 4.660274028778076172e+00 0.000000000000000000e+00 0.000000000000000000e+00 1.000000000000000000e+00 0.000000000000000000e+00
-9.750459902226977782e-01 -2.220029660852277098e-01 0.000000000000000000e+00 -8.785468101501464844e+00 2.220029660852277098e-01 -9.750459902226977782e-01 0.000000000000000000e+00 4.310855388641357422e+00 0.000000000000000000e+00 0.000000000000000000e+00 1.000000000000000000e+00 0.000000000000000000e+00
1.565659382740212935e-01 -9.876675083105524999e-01 0.000000000000000000e+00 -8.678803443908691406e+00 9.876675083105524999e-01 1.565659382740212935e-01 0.000000000000000000e+00 4.402386188507080078e+00 0.000000000000000000e+00 0.000000000000000000e+00 1.000000000000000000e+00 0.000000000000000000e+00
-9.713745924117638264e-01 2.375529440290727046e-01 0.000000000000000000e+00 -8.598087310791015625e+00 -2.375529440290727046e-01 -9.713745924117638264e-01 0.000000000000000000e+00 4.018274784088134766e+00 0.000000000000000000e+00 0.000000000000000000e+00 1.000000000000000000e+00 0.000000000000000000e+00
-8.453241206509415351e-01 5.342538077035224875e-01 0.000000000000000000e+00 -8.529221534729003906e+00 -5.342538077035224875e-01 -8.453241206509415351e-01 0.000000000000000000e+00 3.665645360946655273e+00 0.000000000000000000e+00 0.000000000000000000e+00 1.000000000000000000e+00 0.000000000000000000e+00
-6.467079092126979400e-01 7.627377532033804419e-01 0.000000000000000000e+00 -8.255155563354492188e+00 -7.627377532033804419e-01 -6.467079092126979400e-01 0.000000000000000000e+00 3.252928495407104492e+00 0.000000000000000000e+00 0.000000000000000000e+00 1.000000000000000000e+00 0.000000000000000000e+00
-3.232880778006559375e-01 9.463005964026214301e-01 0.000000000000000000e+00 -7.813935756683349609e+00 -9.463005964026214301e-01 -3.232880778006559375e-01 0.000000000000000000e+00 3.054478645324707031e+00 0.000000000000000000e+00 0.000000000000000000e+00 1.000000000000000000e+00 0.000000000000000000e+00
-3.746316543309278352e-02 9.992980092223403554e-01 0.000000000000000000e+00 -7.321930408477783203e+00 -9.992980092223403554e-01 -3.746316543309278352e-02 0.000000000000000000e+00 3.134505510330200195e+00 0.000000000000000000e+00 0.000000000000000000e+00 1.000000000000000000e+00 0.000000000000000000e+00
1.378521254887390968e-01 9.904528214398891084e-01 0.000000000000000000e+00 -6.685786724090576172e+00 -9.904528214398891084e-01 1.378521254887390968e-01 0.000000000000000000e+00 3.149864435195922852e+00 0.000000000000000000e+00 0.000000000000000000e+00 1.000000000000000000e+00 0.000000000000000000e+00
3.733798801527511979e-01 9.276785354297668595e-01 0.000000000000000000e+00 -6.175519943237304688e+00 -9.276785354297668595e-01 3.733798801527511979e-01 0.000000000000000000e+00 3.319720745086669922e+00 0.000000000000000000e+00 0.000000000000000000e+00 1.000000000000000000e+00 0.000000000000000000e+00
6.589462510808277163e-01 7.521900279759914376e-01 0.000000000000000000e+00 -6.010005950927734375e+00 -7.521900279759914376e-01 6.589462510808277163e-01 0.000000000000000000e+00 3.637164115905761719e+00 0.000000000000000000e+00 0.000000000000000000e+00 1.000000000000000000e+00 0.000000000000000000e+00
8.779302719863364413e-01 4.787885102318113484e-01 0.000000000000000000e+00 -5.821606159210205078e+00 -4.787885102318113484e-01 8.779302719863364413e-01 0.000000000000000000e+00 4.091286659240722656e+00 0.000000000000000000e+00 0.000000000000000000e+00 1.000000000000000000e+00 0.000000000000000000e+00
-9.918646315480530440e-01 -1.272971039892302758e-01 0.000000000000000000e+00 -5.614497661590576172e+00 1.272971039892302758e-01 -9.918646315480530440e-01 0.000000000000000000e+00 4.506494045257568359e+00 0.000000000000000000e+00 0.000000000000000000e+00 1.000000000000000000e+00 0.000000000000000000e+00
-9.925464790713143248e-01 1.218666766722425604e-01 0.000000000000000000e+00 -5.745317459106445312e+00 -1.218666766722425604e-01 -9.925464790713143248e-01 0.000000000000000000e+00 5.198585510253906250e+00 0.000000000000000000e+00 0.000000000000000000e+00 1.000000000000000000e+00 0.000000000000000000e+00
-8.879231419381625745e-01 4.599918412435829440e-01 0.000000000000000000e+00 -5.982921123504638672e+00 -4.599918412435829440e-01 -8.879231419381625745e-01 0.000000000000000000e+00 5.604616165161132812e+00 0.000000000000000000e+00 0.000000000000000000e+00 1.000000000000000000e+00 0.000000000000000000e+00
-7.208403866547481442e-01 6.931011015482757553e-01 0.000000000000000000e+00 -6.135988235473632812e+00 -6.931011015482757553e-01 -7.208403866547481442e-01 0.000000000000000000e+00 6.110813617706298828e+00 0.000000000000000000e+00 0.000000000000000000e+00 1.000000000000000000e+00 0.000000000000000000e+00
-4.938572864553150699e-01 8.695429722647367576e-01 0.000000000000000000e+00 -6.459133625030517578e+00 -8.695429722647367576e-01 -4.938572864553150699e-01 0.000000000000000000e+00 6.325946331024169922e+00 0.000000000000000000e+00 0.000000000000000000e+00 1.000000000000000000e+00 0.000000000000000000e+00
-1.251966072223374138e-01 9.921319516778076553e-01 0.000000000000000000e+00 -6.966753959655761719e+00 -9.921319516778076553e-01 -1.251966072223374138e-01 0.000000000000000000e+00 6.522437095642089844e+00 0.000000000000000000e+00 0.000000000000000000e+00 1.000000000000000000e+00 0.000000000000000000e+00
1.561587280762405938e-01 9.877319735867674533e-01 0.000000000000000000e+00 -7.347332000732421875e+00 -9.877319735867674533e-01 1.561587280762405938e-01 0.000000000000000000e+00 6.624610900878906250e+00 0.000000000000000000e+00 0.000000000000000000e+00 1.000000000000000000e+00 0.000000000000000000e+00
6.595949781767436182e-01 7.516212242639380703e-01 0.000000000000000000e+00 -7.756658077239990234e+00 -7.516212242639380703e-01 6.595949781767436182e-01 0.000000000000000000e+00 6.482878684997558594e+00 0.000000000000000000e+00 0.000000000000000000e+00 1.000000000000000000e+00 0.000000000000000000e+00
8.604347366906878181e-01 5.095606577199878195e-01 0.000000000000000000e+00 -8.097874641418457031e+00 -5.095606577199878195e-01 8.604347366906878181e-01 0.000000000000000000e+00 6.256423950195312500e+00 0.000000000000000000e+00 0.000000000000000000e+00 1.000000000000000000e+00 0.000000000000000000e+00
9.454615580499970973e-01 3.257336983636662797e-01 0.000000000000000000e+00 -8.197442054748535156e+00 -3.257336983636662797e-01 9.454615580499970973e-01 0.000000000000000000e+00 5.902727603912353516e+00 0.000000000000000000e+00 0.000000000000000000e+00 1.000000000000000000e+00 0.000000000000000000e+00
9.994025022130706981e-01 3.456354394811351344e-02 0.000000000000000000e+00 -8.194310188293457031e+00 -3.456354394811351344e-02 9.994025022130706981e-01 0.000000000000000000e+00 5.923055171966552734e+00 0.000000000000000000e+00 0.000000000000000000e+00 1.000000000000000000e+00 0.000000000000000000e+00
9.984048320071876592e-01 5.646052979471005706e-02 0.000000000000000000e+00 -8.233314514160156250e+00 -5.646052979471005706e-02 9.984048320071876592e-01 0.000000000000000000e+00 5.411406993865966797e+00 0.000000000000000000e+00 0.000000000000000000e+00 1.000000000000000000e+00 0.000000000000000000e+00
9.947114253712948662e-01 -1.027092022936931803e-01 0.000000000000000000e+00 -8.314063072204589844e+00 1.027092022936931803e-01 9.947114253712948662e-01 0.000000000000000000e+00 4.892107963562011719e+00 0.000000000000000000e+00 0.000000000000000000e+00 1.000000000000000000e+00 0.000000000000000000e+00
9.570093792679442712e-01 -2.900569737020366468e-01 0.000000000000000000e+00 -8.217947959899902344e+00 2.900569737020366468e-01 9.570093792679442712e-01 0.000000000000000000e+00 4.389060974121093750e+00 0.000000000000000000e+00 0.000000000000000000e+00 1.000000000000000000e+00 0.000000000000000000e+00
9.117465030103423240e-01 -4.107533496496551528e-01 0.000000000000000000e+00 -8.103870391845703125e+00 4.107533496496551528e-01 9.117465030103423240e-01 0.000000000000000000e+00 3.994183540344238281e+00 0.000000000000000000e+00 0.000000000000000000e+00 1.000000000000000000e+00 0.000000000000000000e+00
8.536933517782467895e-01 -5.207760181974804281e-01 0.000000000000000000e+00 -7.865848541259765625e+00 5.207760181974804281e-01 8.536933517782467895e-01 0.000000000000000000e+00 3.462741851806640625e+00 0.000000000000000000e+00 0.000000000000000000e+00 1.000000000000000000e+00 0.000000000000000000e+00
8.770170340572516210e-01 -4.804592823262149315e-01 0.000000000000000000e+00 -7.546798229217529297e+00 4.804592823262149315e-01 8.770170340572516210e-01 0.000000000000000000e+00 2.930758714675903320e+00 0.000000000000000000e+00 0.000000000000000000e+00 1.000000000000000000e+00 0.000000000000000000e+00
8.445252160295619870e-01 -5.355157882735313013e-01 0.000000000000000000e+00 -7.140170574188232422e+00 5.355157882735313013e-01 8.445252160295619870e-01 0.000000000000000000e+00 2.351442813873291016e+00 0.000000000000000000e+00 0.000000000000000000e+00 1.000000000000000000e+00 0.000000000000000000e+00
7.852900824799010637e-01 -6.191280048251008861e-01 0.000000000000000000e+00 -6.887835025787353516e+00 6.191280048251008861e-01 7.852900824799010637e-01 0.000000000000000000e+00 1.990934729576110840e+00 0.000000000000000000e+00 0.000000000000000000e+00 1.000000000000000000e+00 0.000000000000000000e+00
6.562118838592849723e-01 -7.545766783315319692e-01 0.000000000000000000e+00 -6.525130271911621094e+00 7.545766783315319692e-01 6.562118838592849723e-01 0.000000000000000000e+00 1.554390549659729004e+00 0.000000000000000000e+00 0.000000000000000000e+00 1.000000000000000000e+00 0.000000000000000000e+00
6.923078728367989543e-01 -7.216022513879697398e-01 0.000000000000000000e+00 -6.066830635070800781e+00 7.216022513879697398e-01 6.923078728367989543e-01 0.000000000000000000e+00 1.119415283203125000e+00 0.000000000000000000e+00 0.000000000000000000e+00 1.000000000000000000e+00 0.000000000000000000e+00
7.466239221017145766e-01 -6.652463595882752712e-01 0.000000000000000000e+00 -5.696557521820068359e+00 6.652463595882752712e-01 7.466239221017145766e-01 0.000000000000000000e+00 8.581560254096984863e-01 0.000000000000000000e+00 0.000000000000000000e+00 1.000000000000000000e+00 0.000000000000000000e+00
7.287813118996148143e-01 -6.847465220253960982e-01 0.000000000000000000e+00 -5.363550662994384766e+00 6.847465220253960982e-01 7.287813118996148143e-01 0.000000000000000000e+00 4.115603268146514893e-01 0.000000000000000000e+00 0.000000000000000000e+00 1.000000000000000000e+00 0.000000000000000000e+00
6.275771040476596507e-01 -7.785544158728745501e-01 0.000000000000000000e+00 -5.039667129516601562e+00 7.785544158728745501e-01 6.275771040476596507e-01 0.000000000000000000e+00 1.289297193288803101e-01 0.000000000000000000e+00 0.000000000000000000e+00 1.000000000000000000e+00 0.000000000000000000e+00
5.587626690041888056e-01 -8.293276069969668374e-01 0.000000000000000000e+00 -4.557987213134765625e+00 8.293276069969668374e-01 5.587626690041888056e-01 0.000000000000000000e+00 -2.818309068679809570e-01 0.000000000000000000e+00 0.000000000000000000e+00 1.000000000000000000e+00 0.000000000000000000e+00
3.600632409577178006e-01 -9.329278978093775709e-01 0.000000000000000000e+00 -4.230096340179443359e+00 9.329278978093775709e-01 3.600632409577178006e-01 0.000000000000000000e+00 -7.491690516471862793e-01 0.000000000000000000e+00 0.000000000000000000e+00 1.000000000000000000e+00 0.000000000000000000e+00
4.125084665274778017e-01 -9.109537666880513918e-01 0.000000000000000000e+00 -3.710494756698608398e+00 9.109537666880513918e-01 4.125084665274778017e-01 0.000000000000000000e+00 -9.298974275588989258e-01 0.000000000000000000e+00 0.000000000000000000e+00 1.000000000000000000e+00 0.000000000000000000e+00
5.626880797625840591e-01 -8.266692959661050555e-01 0.000000000000000000e+00 -3.196645975112915039e+00 8.266692959661050555e-01 5.626880797625840591e-01 0.000000000000000000e+00 -1.128155589103698730e+00 0.000000000000000000e+00 0.000000000000000000e+00 1.000000000000000000e+00 0.000000000000000000e+00
4.705654822900939283e-01 -8.823650757351467755e-01 0.000000000000000000e+00 -2.604896545410156250e+00 8.823650757351467755e-01 4.705654822900939283e-01 0.000000000000000000e+00 -1.503373265266418457e+00 0.000000000000000000e+00 0.000000000000000000e+00 1.000000000000000000e+00 0.000000000000000000e+00
4.451372332659073172e-01 -8.954623630060468686e-01 0.000000000000000000e+00 -2.138580799102783203e+00 8.954623630060468686e-01 4.451372332659073172e-01 0.000000000000000000e+00 -1.535019040107727051e+00 0.000000000000000000e+00 0.000000000000000000e+00 1.000000000000000000e+00 0.000000000000000000e+00
3.307176035447375595e-01 -9.437297636005901325e-01 0.000000000000000000e+00 -2.160806417465209961e+00 9.437297636005901325e-01 3.307176035447375595e-01 0.000000000000000000e+00 -1.596684217453002930e+00 0.000000000000000000e+00 0.000000000000000000e+00 1.000000000000000000e+00 0.000000000000000000e+00
2.588064012625800880e-01 -9.659292141070754401e-01 0.000000000000000000e+00 -1.680729389190673828e+00 9.659292141070754401e-01 2.588064012625800880e-01 0.000000000000000000e+00 -1.661956906318664551e+00 0.000000000000000000e+00 0.000000000000000000e+00 1.000000000000000000e+00 0.000000000000000000e+00
1.337947636065877077e-01 -9.910090621338724093e-01 0.000000000000000000e+00 -1.283364176750183105e+00 9.910090621338724093e-01 1.337947636065877077e-01 0.000000000000000000e+00 -1.523002147674560547e+00 0.000000000000000000e+00 0.000000000000000000e+00 1.000000000000000000e+00 0.000000000000000000e+00
-5.353731506133441870e-02 -9.985658495542611979e-01 0.000000000000000000e+00 -8.467492461204528809e-01 9.985658495542611979e-01 -5.353731506133441870e-02 0.000000000000000000e+00 -1.393280029296875000e+00 0.000000000000000000e+00 0.000000000000000000e+00 1.000000000000000000e+00 0.000000000000000000e+00
-2.640703894183222822e-01 -9.645034107935832601e-01 0.000000000000000000e+00 -3.619481027126312256e-01 9.645034107935832601e-01 -2.640703894183222822e-01 0.000000000000000000e+00 -1.331858396530151367e+00 0.000000000000000000e+00 0.000000000000000000e+00 1.000000000000000000e+00 0.000000000000000000e+00
-4.137955174176012330e-01 -9.103698532822248612e-01 0.000000000000000000e+00 -1.286011934280395508e-01 9.103698532822248612e-01 -4.137955174176012330e-01 0.000000000000000000e+00 -1.058211445808410645e+00 0.000000000000000000e+00 0.000000000000000000e+00 1.000000000000000000e+00 0.000000000000000000e+00
-5.329925853673395109e-01 -8.461199110902893894e-01 0.000000000000000000e+00 1.502510607242584229e-01 8.461199110902893894e-01 -5.329925853673395109e-01 0.000000000000000000e+00 -8.155875205993652344e-01 0.000000000000000000e+00 0.000000000000000000e+00 1.000000000000000000e+00 0.000000000000000000e+00
-6.765666136417307630e-01 -7.363814346555465074e-01 0.000000000000000000e+00 4.098667800426483154e-01 7.363814346555465074e-01 -6.765666136417307630e-01 0.000000000000000000e+00 -6.547023653984069824e-01 0.000000000000000000e+00 0.000000000000000000e+00 1.000000000000000000e+00 0.000000000000000000e+00
-8.065711001247409806e-01 -5.911370910741138296e-01 0.000000000000000000e+00 6.490867733955383301e-01 5.911370910741138296e-01 -8.065711001247409806e-01 0.000000000000000000e+00 -2.742994129657745361e-01 0.000000000000000000e+00 0.000000000000000000e+00 1.000000000000000000e+00 0.000000000000000000e+00
-8.663297996660805911e-01 -4.994723998486088612e-01 0.000000000000000000e+00 8.689250349998474121e-01 4.994723998486088612e-01 -8.663297996660805911e-01 0.000000000000000000e+00 -3.040648531168700132e-03 0.000000000000000000e+00 0.000000000000000000e+00 1.000000000000000000e+00 0.000000000000000000e+00
9.235421337780969075e-01 3.834969714829568610e-01 0.000000000000000000e+00 1.060101270675659180e+00 -3.834969714829568610e-01 9.235421337780969075e-01 0.000000000000000000e+00 4.279220402240753174e-01 0.000000000000000000e+00 0.000000000000000000e+00 1.000000000000000000e+00 0.000000000000000000e+00
9.518817022575161158e-01 3.064656993977195598e-01 0.000000000000000000e+00 1.135864377021789551e+00 -3.064656993977195598e-01 9.518817022575161158e-01 0.000000000000000000e+00 8.196099400520324707e-01 0.000000000000000000e+00 0.000000000000000000e+00 1.000000000000000000e+00 0.000000000000000000e+00
9.690663559565725338e-01 2.468003195967327645e-01 0.000000000000000000e+00 1.234258294105529785e+00 -2.468003195967327645e-01 9.690663559565725338e-01 0.000000000000000000e+00 1.277276754379272461e+00 0.000000000000000000e+00 0.000000000000000000e+00 1.000000000000000000e+00 0.000000000000000000e+00
9.937227404993955737e-01 1.118709748521519581e-01 0.000000000000000000e+00 1.302796363830566406e+00 -1.118709748521519581e-01 9.937227404993955737e-01 0.000000000000000000e+00 1.857551813125610352e+00 0.000000000000000000e+00 0.000000000000000000e+00 1.000000000000000000e+00 0.000000000000000000e+00
9.895520035068389175e-01 -1.441763931980583613e-01 0.000000000000000000e+00 1.216602206230163574e+00 1.441763931980583613e-01 9.895520035068389175e-01 0.000000000000000000e+00 2.102533578872680664e+00 0.000000000000000000e+00 0.000000000000000000e+00 1.000000000000000000e+00 0.000000000000000000e+00
9.515708158322525589e-01 -3.074296382204249056e-01 0.000000000000000000e+00 1.082581520080566406e+00 3.074296382204249056e-01 9.515708158322525589e-01 0.000000000000000000e+00 2.453874826431274414e+00 0.000000000000000000e+00 0.000000000000000000e+00 1.000000000000000000e+00 0.000000000000000000e+00
8.683663572487697602e-01 -4.959232497055386379e-01 0.000000000000000000e+00 6.969866752624511719e-01 4.959232497055386379e-01 8.683663572487697602e-01 0.000000000000000000e+00 2.898511409759521484e+00 0.000000000000000000e+00 0.000000000000000000e+00 1.000000000000000000e+00 0.000000000000000000e+00
8.272922170380386797e-01 -5.617718287955411061e-01 0.000000000000000000e+00 3.956917524337768555e-01 5.617718287955411061e-01 8.272922170380386797e-01 0.000000000000000000e+00 3.412931680679321289e+00 0.000000000000000000e+00 0.000000000000000000e+00 1.000000000000000000e+00 0.000000000000000000e+00
7.626101381870454832e-01 -6.468583903253751766e-01 0.000000000000000000e+00 2.979952692985534668e-01 6.468583903253751766e-01 7.626101381870454832e-01 0.000000000000000000e+00 3.652346372604370117e+00 0.000000000000000000e+00 0.000000000000000000e+00 1.000000000000000000e+00 0.000000000000000000e+00
-6.787681733387903593e-01 7.343526175226189334e-01 0.000000000000000000e+00 -1.795769631862640381e-01 -7.343526175226189334e-01 -6.787681733387903593e-01 0.000000000000000000e+00 3.914221763610839844e+00 0.000000000000000000e+00 0.000000000000000000e+00 1.000000000000000000e+00 0.000000000000000000e+00
