9.999999972779004542e-01 7.378481671038012151e-05 0.000000000000000000e+00 -8.000000000000000000e+00 -7.378481671038012151e-05 9.999999972779004542e-01 0.000000000000000000e+00 5.000000000000000000e+00 0.000000000000000000e+00 0.000000000000000000e+00 1.000000000000000000e+00 0.000000000000000000e+00
9.972948270870307663e-01 -7.350529141122701116e-02 0.000000000000000000e+00 -8.012745857238769531e+00 7.350529141122701116e-02 9.972948270870307663e-01 0.000000000000000000e+00 4.603860378265380859e+00 0.000000000000000000e+00 0.000000000000000000e+00 1.000000000000000000e+00 0.000000000000000000e+00
9.885996737292347403e-01 -1.505678753999361019e-01 0.000000000000000000e+00 -7.992381572723388672e+00 1.505678753999361019e-01 9.885996737292347403e-01 0.000000000000000000e+00 4.208938121795654297e+00 0.000000000000000000e+00 0.000000000000000000e+00 1.000000000000000000e+00 0.000000000000000000e+00
9.643932857634684996e-01 -2.644722865903740283e-01 0.000000000000000000e+00 -7.913515090942382812e+00 2.644722865903740283e-01 9.643932857634684996e-01 0.000000000000000000e+00 3.871148586273193359e+00 0.000000000000000000e+00 0.000000000000000000e+00 1.000000000000000000e+00 0.000000000000000000e+00
9.335474170734430199e-01 -3.584539301995489646e-01 0.000000000000000000e+00 -7.783390998840332031e+00 3.584539301995489646e-01 9.335474170734430199e-01 0.000000000000000000e+00 3.544252157211303711e+00 0.000000000000000000e+00 0.000000000000000000e+00 1.000000000000000000e+00 0.000000000000000000e+00
8.595721527121162886e-01 -5.110143973332436085e-01 0.000000000000000000e+00 -7.597828388214111328e+00 5.110143973332436085e-01 8.595721527121162886e-01 0.000000000000000000e+00 3.076721429824829102e+00 0.000000000000000000e+00 0.000000000000000000e+00 1.000000000000000000e+00 0.000000000000000000e+00
8.797254025220661022e-01 -4.754820881562088486e-01 0.000000000000000000e+00 -7.169160842895507812e+00 4.754820881562088486e-01 8.797254025220661022e-01 0.000000000000000000e+00 2.695632219314575195e+00 0.000000000000000000e+00 0.000000000000000000e+00 1.000000000000000000e+00 0.000000000000000000e+00
8.701137975362029930e-01 -4.928508692668884250e-01 0.000000000000000000e+00 -6.928683757781982422e+00 4.928508692668884250e-01 8.701137975362029930e-01 0.000000000000000000e+00 2.286965370178222656e+00 0.000000000000000000e+00 0.000000000000000000e+00 1.000000000000000000e+00 0.000000000000000000e+00
7.817255718246269858e-01 -6.236225864699417309e-01 0.000000000000000000e+00 -6.679480552673339844e+00 6.236225864699417309e-01 7.817255718246269858e-01 0.000000000000000000e+00 1.944774627685546875e+00 0.000000000000000000e+00 0.000000000000000000e+00 1.000000000000000000e+00 0.000000000000000000e+00
7.108426280459347879e-01 -7.033510916695506765e-01 0.000000000000000000e+00 -6.389723300933837891e+00 7.033510916695506765e-01 7.108426280459347879e-01 0.000000000000000000e+00 1.550309896469116211e+00 0.000000000000000000e+00 0.000000000000000000e+00 1.000000000000000000e+00 0.000000000000000000e+00
6.754376058895135149e-01 -7.374171414811580005e-01 0.000000000000000000e+00 -5.991385459899902344e+00 7.374171414811580005e-01 6.754376058895135149e-01 0.000000000000000000e+00 1.321014046669006348e+00 0.000000000000000000e+00 0.000000000000000000e+00 1.000000000000000000e+00 0.000000000000000000e+00
7.751380938619693017e-01 -6.317918450281175824e-01 0.000000000000000000e+00 -5.748635768890380859e+00 6.317918450281175824e-01 7.751380938619693017e-01 0.000000000000000000e+00 9.960769414901733398e-01 0.000000000000000000e+00 0.000000000000000000e+00 1.000000000000000000e+00 0.000000000000000000e+00
7.560186495512363214e-01 -6.545500756479406546e-01 0.000000000000000000e+00 -5.410513401031494141e+00 6.545500756479406546e-01 7.560186495512363214e-01 0.000000000000000000e+00 7.143527269363403320e-01 0.000000000000000000e+00 0.000000000000000000e+00 1.000000000000000000e+00 0.000000000000000000e+00
7.084132460938636910e-01 -7.057978979557497645e-01 0.000000000000000000e+00 -5.148637771606445312e+00 7.057978979557497645e-01 7.084132460938636910e-01 0.000000000000000000e+00 1.710414737462997437e-01 0.000000000000000000e+00 0.000000000000000000e+00 1.000000000000000000e+00 0.000000000000000000e+00
5.539852211038037710e-01 -8.325265009587200504e-01 0.000000000000000000e+00 -4.806941509246826172e+00 8.325265009587200504e-01 5.539852211038037710e-01 0.000000000000000000e+00 3.738944604992867210e-02 0.000000000000000000e+00 0.000000000000000000e+00 1.000000000000000000e+00 0.000000000000000000e+00
5.534953020790838174e-01 -8.328522981756031340e-01 0.000000000000000000e+00 -4.403113842010498047e+00 8.328522981756031340e-01 5.534953020790838174e-01 0.000000000000000000e+00 -2.433948814868927002e-01 0.000000000000000000e+00 0.000000000000000000e+00 1.000000000000000000e+00 0.000000000000000000e+00
4.532500416732150317e-01 -8.913834190309065653e-01 0.000000000000000000e+00 -4.217217445373535156e+00 8.913834190309065653e-01 4.532500416732150317e-01 0.000000000000000000e+00 -4.661976993083953857e-01 0.000000000000000000e+00 0.000000000000000000e+00 1.000000000000000000e+00 0.000000000000000000e+00
4.243868207445162799e-01 -9.054809917266964936e-01 0.000000000000000000e+00 -3.634497165679931641e+00 9.054809917266964936e-01 4.243868207445162799e-01 0.000000000000000000e+00 -6.455038189888000488e-01 0.000000000000000000e+00 0.000000000000000000e+00 1.000000000000000000e+00 0.000000000000000000e+00
4.839972651601488485e-01 -8.750695099919185704e-01 0.000000000000000000e+00 -3.281469106674194336e+00 8.750695099919185704e-01 4.839972651601488485e-01 0.000000000000000000e+00 -9.453519582748413086e-01 0.000000000000000000e+00 0.000000000000000000e+00 1.000000000000000000e+00 0.000000000000000000e+00
4.701247990056747761e-01 -8.825999509176701840e-01 0.000000000000000000e+00 -2.921655178070068359e+00 8.825999509176701840e-01 4.701247990056747761e-01 0.000000000000000000e+00 -9.338642358779907227e-01 0.000000000000000000e+00 0.000000000000000000e+00 1.000000000000000000e+00 0.000000000000000000e+00
3.421066267788671622e-01 -9.396611388761295647e-01 0.000000000000000000e+00 -2.998290538787841797e+00 9.396611388761295647e-01 3.421066267788671622e-01 0.000000000000000000e+00 -1.047844052314758301e+00 0.000000000000000000e+00 0.000000000000000000e+00 1.000000000000000000e+00 0.000000000000000000e+00
2.350091601915396400e-01 -9.719931556477480195e-01 0.000000000000000000e+00 -2.711274623870849609e+00 9.719931556477480195e-01 2.350091601915396400e-01 0.000000000000000000e+00 -1.042197227478027344e+00 0.000000000000000000e+00 0.000000000000000000e+00 1.000000000000000000e+00 0.000000000000000000e+00
1.097610907161323535e-01 -9.939579985918947092e-01 0.000000000000000000e+00 -2.226218700408935547e+00 9.939579985918947092e-01 1.097610907161323535e-01 0.000000000000000000e+00 -1.051436305046081543e+00 0.000000000000000000e+00 0.000000000000000000e+00 1.000000000000000000e+00 0.000000000000000000e+00
-1.092468020763907033e-01 -9.940146559463205467e-01 0.000000000000000000e+00 -1.809084296226501465e+00 9.940146559463205467e-01 -1.092468020763907033e-01 0.000000000000000000e+00 -9.543952941894531250e-01 0.000000000000000000e+00 0.000000000000000000e+00 1.000000000000000000e+00 0.000000000000000000e+00
-2.691793717206246717e-01 -9.630900611262114275e-01 0.000000000000000000e+00 -1.371715188026428223e+00 9.630900611262114275e-01 -2.691793717206246717e-01 0.000000000000000000e+00 -8.707879781723022461e-01 0.000000000000000000e+00 0.000000000000000000e+00 1.000000000000000000e+00 0.000000000000000000e+00
-4.024964414409991642e-01 -9.154215502310028008e-01 0.000000000000000000e+00 -1.058478474617004395e+00 9.154215502310028008e-01 -4.024964414409991642e-01 0.000000000000000000e+00 -6.826227307319641113e-01 0.000000000000000000e+00 0.000000000000000000e+00 1.000000000000000000e+00 0.000000000000000000e+00
-5.515643119187441101e-01 -8.341323694819680057e-01 0.000000000000000000e+00 -8.837991952896118164e-01 8.341323694819680057e-01 -5.515643119187441101e-01 0.000000000000000000e+00 -4.439124763011932373e-01 0.000000000000000000e+00 0.000000000000000000e+00 1.000000000000000000e+00 0.000000000000000000e+00
-6.342706903516330819e-01 -7.731110472376285792e-01 0.000000000000000000e+00 -7.228778600692749023e-01 7.731110472376285792e-01 -6.342706903516330819e-01 0.000000000000000000e+00 -2.273229956626892090e-01 0.000000000000000000e+00 0.000000000000000000e+00 1.000000000000000000e+00 0.000000000000000000e+00
-7.858583683886091187e-01 -6.184065206913597068e-01 0.000000000000000000e+00 -4.731516242027282715e-01 6.184065206913597068e-01 -7.858583683886091187e-01 0.000000000000000000e+00 1.297781467437744141e-01 0.000000000000000000e+00 0.000000000000000000e+00 1.000000000000000000e+00 0.000000000000000000e+00
-8.895289717446241973e-01 -4.568787677567776040e-01 0.000000000000000000e+00 -1.410407721996307373e-01 4.568787677567776040e-01 -8.895289717446241973e-01 0.000000000000000000e+00 5.295080542564392090e-01 0.000000000000000000e+00 0.000000000000000000e+00 1.000000000000000000e+00 0.000000000000000000e+00
9.231971392645532681e-01 3.843267386661315954e-01 0.000000000000000000e+00 -3.088780911639330169e-03 -3.843267386661315954e-01 9.231971392645532681e-01 0.000000000000000000e+00 8.466028571128845215e-01 0.000000000000000000e+00 0.000000000000000000e+00 1.000000000000000000e+00 0.000000000000000000e+00
9.552332687969443681e-01 2.958536837416506637e-01 0.000000000000000000e+00 1.135653033852577209e-01 -2.958536837416506637e-01 9.552332687969443681e-01 0.000000000000000000e+00 1.355044484138488770e+00 0.000000000000000000e+00 0.000000000000000000e+00 1.000000000000000000e+00 0.000000000000000000e+00
9.695465939185036186e-01 2.449069256289584107e-01 0.000000000000000000e+00 1.926815658807754517e-01 -2.449069256289584107e-01 9.695465939185036186e-01 0.000000000000000000e+00 1.744089841842651367e+00 0.000000000000000000e+00 0.000000000000000000e+00 1.000000000000000000e+00 0.000000000000000000e+00
9.999617343287385829e-01 8.748135702031202901e-03 0.000000000000000000e+00 3.315430581569671631e-01 -8.748135702031202901e-03 9.999617343287385829e-01 0.000000000000000000e+00 1.981564640998840332e+00 0.000000000000000000e+00 0.000000000000000000e+00 1.000000000000000000e+00 0.000000000000000000e+00
9.796126454410324369e-01 -2.008956567276207195e-01 0.000000000000000000e+00 1.178774312138557434e-01 2.008956567276207195e-01 9.796126454410324369e-01 0.000000000000000000e+00 2.425030231475830078e+00 0.000000000000000000e+00 0.000000000000000000e+00 1.000000000000000000e+00 0.000000000000000000e+00
9.380632219196578525e-01 -3.464641275539370180e-01 0.000000000000000000e+00 -2.968534640967845917e-02 3.464641275539370180e-01 9.380632219196578525e-01 0.000000000000000000e+00 2.890441179275512695e+00 0.000000000000000000e+00 0.000000000000000000e+00 1.000000000000000000e+00 0.000000000000000000e+00
8.646153613571946339e-01 -5.024343508411498460e-01 0.000000000000000000e+00 -2.780955731868743896e-01 5.024343508411498460e-01 8.646153613571946339e-01 0.000000000000000000e+00 3.185715198516845703e+00 0.000000000000000000e+00 0.000000000000000000e+00 1.000000000000000000e+00 0.000000000000000000e+00
7.721483394365923347e-01 -6.354423198885269519e-01 0.000000000000000000e+00 -4.249210059642791748e-01 6.354423198885269519e-01 7.721483394365923347e-01 0.000000000000000000e+00 3.629864215850830078e+00 0.000000000000000000e+00 0.000000000000000000e+00 1.000000000000000000e+00 0.000000000000000000e+00
7.682431483641630754e-01 -6.401581562329097252e-01 0.000000000000000000e+00 -6.036172509193420410e-01 6.401581562329097252e-01 7.682431483641630754e-01 0.000000000000000000e+00 4.027119159698486328e+00 0.000000000000000000e+00 0.000000000000000000e+00 1.000000000000000000e+00 0.000000000000000000e+00
7.522940326065854499e-01 -6.588275104338933152e-01 0.000000000000000000e+00 -9.328546524047851562e-01 6.588275104338933152e-01 7.522940326065854499e-01 0.000000000000000000e+00 4.487537384033203125e+00 0.000000000000000000e+00 0.000000000000000000e+00 1.000000000000000000e+00 0.000000000000000000e+00
-7.633535466283399851e-01 6.459809307169482873e-01 0.000000000000000000e+00 -8.453748226165771484e-01 -6.459809307169482873e-01 -7.633535466283399851e-01 0.000000000000000000e+00 4.345454216003417969e+00 0.000000000000000000e+00 0.000000000000000000e+00 1.000000000000000000e+00 0.000000000000000000e+00
6.389477151899681795e-01 -7.692501655856300857e-01 0.000000000000000000e+00 -1.415054321289062500e+00 7.692501655856300857e-01 6.389477151899681795e-01 0.000000000000000000e+00 4.809666156768798828e+00 0.000000000000000000e+00 0.000000000000000000e+00 1.000000000000000000e+00 0.000000000000000000e+00
4.827204882020402765e-01 -8.757744745480904314e-01 0.000000000000000000e+00 -1.794464945793151855e+00 8.757744745480904314e-01 4.827204882020402765e-01 0.000000000000000000e+00 5.036383152008056641e+00 0.000000000000000000e+00 0.000000000000000000e+00 1.000000000000000000e+00 0.000000000000000000e+00
3.898602275733727973e-01 -9.208740429377070269e-01 0.000000000000000000e+00 -2.226541996002197266e+00 9.208740429377070269e-01 3.898602275733727973e-01 0.000000000000000000e+00 5.392342567443847656e+00 0.000000000000000000e+00 0.000000000000000000e+00 1.000000000000000000e+00 0.000000000000000000e+00
2.840329945822014368e-01 -9.588145065593590699e-01 0.000000000000000000e+00 -2.686768054962158203e+00 9.588145065593590699e-01 2.840329945822014368e-01 0.000000000000000000e+00 5.681249141693115234e+00 0.000000000000000000e+00 0.000000000000000000e+00 1.000000000000000000e+00 0.000000000000000000e+00
2.214158678425194871e-01 -9.751794775668445325e-01 0.000000000000000000e+00 -3.170764923095703125e+00 9.751794775668445325e-01 2.214158678425194871e-01 0.000000000000000000e+00 5.738546371459960938e+00 0.000000000000000000e+00 0.000000000000000000e+00 1.000000000000000000e+00 0.000000000000000000e+00
1.905537677655159134e-01 -9.816767602374856239e-01 0.000000000000000000e+00 -3.553842067718505859e+00 9.816767602374856239e-01 1.905537677655159134e-01 0.000000000000000000e+00 5.783537864685058594e+00 0.000000000000000000e+00 0.000000000000000000e+00 1.000000000000000000e+00 0.000000000000000000e+00
6.500997986547363272e-02 -9.978846138296204593e-01 0.000000000000000000e+00 -4.061614990234375000e+00 9.978846138296204593e-01 6.500997986547363272e-02 0.000000000000000000e+00 6.100029468536376953e+00 0.000000000000000000e+00 0.000000000000000000e+00 1.000000000000000000e+00 0.000000000000000000e+00
-6.325119401178798395e-02 -9.979976385022577556e-01 0.000000000000000000e+00 -4.534358024597167969e+00 9.979976385022577556e-01 -6.325119401178798395e-02 0.000000000000000000e+00 6.084441184997558594e+00 0.000000000000000000e+00 0.000000000000000000e+00 1.000000000000000000e+00 0.000000000000000000e+00
-9.208915937990165557e-02 -9.957507653648592916e-01 0.000000000000000000e+00 -5.110311508178710938e+00 9.957507653648592916e-01 -9.208915937990165557e-02 0.000000000000000000e+00 6.083111763000488281e+00 0.000000000000000000e+00 0.000000000000000000e+00 1.000000000000000000e+00 0.000000000000000000e+00
-1.764814020105331394e-01 -9.843039747681590068e-01 0.000000000000000000e+00 -5.555595397949218750e+00 9.843039747681590068e-01 -1.764814020105331394e-01 0.000000000000000000e+00 6.132094860076904297e+00 0.000000000000000000e+00 0.000000000000000000e+00 1.000000000000000000e+00 0.000000000000000000e+00
-1.491506041627377599e-01 -9.888144908312631598e-01 0.000000000000000000e+00 -5.998933315277099609e+00 9.888144908312631598e-01 -1.491506041627377599e-01 0.000000000000000000e+00 5.974637031555175781e+00 0.000000000000000000e+00 0.000000000000000000e+00 1.000000000000000000e+00 0.000000000000000000e+00
-3.422911409569295849e-01 -9.395939414568419412e-01 0.000000000000000000e+00 -6.461833953857421875e+00 9.395939414568419412e-01 -3.422911409569295849e-01 0.000000000000000000e+00 5.954481124877929688e+00 0.000000000000000000e+00 0.000000000000000000e+00 1.000000000000000000e+00 0.000000000000000000e+00
-3.921349040570756284e-01 -9.199077220135442046e-01 0.000000000000000000e+00 -6.749495983123779297e+00 9.199077220135442046e-01 -3.921349040570756284e-01 0.000000000000000000e+00 5.985035896301269531e+00 0.000000000000000000e+00 0.000000000000000000e+00 1.000000000000000000e+00 0.000000000000000000e+00
-4.915342765167934336e-01 -8.708582289954619471e-01 0.000000000000000000e+00 -7.064548015594482422e+00 8.708582289954619471e-01 -4.915342765167934336e-01 0.000000000000000000e+00 5.743103981018066406e+00 0.000000000000000000e+00 0.000000000000000000e+00 1.000000000000000000e+00 0.000000000000000000e+00
-5.760368671126194773e-01 -8.174237137048804280e-01 0.000000000000000000e+00 -7.599591732025146484e+00 8.174237137048804280e-01 -5.760368671126194773e-01 0.000000000000000000e+00 5.674575328826904297e+00 0.000000000000000000e+00 0.000000000000000000e+00 1.000000000000000000e+00 0.000000000000000000e+00
-6.743206572217832484e-01 -7.384386577394105311e-01 0.000000000000000000e+00 -8.079643249511718750e+00 7.384386577394105311e-01 -6.743206572217832484e-01 0.000000000000000000e+00 5.362287998199462891e+00 0.000000000000000000e+00 0.000000000000000000e+00 1.000000000000000000e+00 0.000000000000000000e+00
-7.364026164666371832e-01 -6.765435584358858723e-01 0.000000000000000000e+00 -8.302300453186035156e+00 6.765435584358858723e-01 -7.364026164666371832e-01 0.000000000000000000e+00 5.052737236022949219e+00 0.000000000000000000e+00 0.000000000000000000e+00 1.000000000000000000e+00 0.000000000000000000e+00
-9.450141100974751573e-01 -3.270295578639291767e-01 0.000000000000000000e+00 -8.642972946166992188e+00 3.270295578639291767e-01 -9.450141100974751573e-01 0.000000000000000000e+00 4.649985313415527344e+00 0.000000000000000000e+00 0.000000000000000000e+00 1.000000000000000000e+00 0.000000000000000000e+00
-9.734976616115001979e-01 -2.286969672666016029e-01 0.000000000000000000e+00 -8.793167114257812500e+00 2.286969672666016029e-01 -9.734976616115001979e-01 0.000000000000000000e+00 4.301447868347167969e+00 0.000000000000000000e+00 0.000000000000000000e+00 1.000000000000000000e+00 0.000000000000000000e+00
1.637358263371849199e-01 -9.865042215691117722e-01 0.000000000000000000e+00 -8.685941696166992188e+00 9.865042215691117722e-01 1.637358263371849199e-01 0.000000000000000000e+00 4.392156124114990234e+00 0.000000000000000000e+00 0.000000000000000000e+00 1.000000000000000000e+00 0.000000000000000000e+00
-9.731562202393133632e-01 2.301455431016056485e-01 0.000000000000000000e+00 -8.608095169067382812e+00 -2.301455431016056485e-01 -9.731562202393133632e-01 0.000000000000000000e+00 4.007378101348876953e+00 0.000000000000000000e+00 0.000000000000000000e+00 1.000000000000000000e+00 0.000000000000000000e+00
-8.495367925511959628e-01 5.275293717906389679e-01 0.000000000000000000e+00 -8.542007446289062500e+00 -5.275293717906389679e-01 -8.495367925511959628e-01 0.000000000000000000e+00 3.654140472412109375e+00 0.000000000000000000e+00 0.000000000000000000e+00 1.000000000000000000e+00 0.000000000000000000e+00
-6.529282140707491910e-01 7.574197959324683316e-01 0.000000000000000000e+00 -8.271325111389160156e+00 -7.574197959324683316e-01 -6.529282140707491910e-01 0.000000000000000000e+00 3.239165067672729492e+00 0.000000000000000000e+00 0.000000000000000000e+00 1.000000000000000000e+00 0.000000000000000000e+00
-3.311921749194496334e-01 9.435633223436170613e-01 0.000000000000000000e+00 -7.831851005554199219e+00 -9.435633223436170613e-01 -3.311921749194496334e-01 0.000000000000000000e+00 3.037012100219726562e+00 0.000000000000000000e+00 0.000000000000000000e+00 1.000000000000000000e+00 0.000000000000000000e+00
-4.595643737487462022e-02 9.989434447774354631e-01 0.000000000000000000e+00 -7.339306354522705078e+00 -9.989434447774354631e-01 -4.595643737487462022e-02 0.000000000000000000e+00 3.112820148468017578e+00 0.000000000000000000e+00 0.000000000000000000e+00 1.000000000000000000e+00 0.000000000000000000e+00
1.293597395231121105e-01 9.915977298231942738e-01 0.000000000000000000e+00 -6.703172683715820312e+00 -9.915977298231942738e-01 1.293597395231121105e-01 0.000000000000000000e+00 3.122668981552124023e+00 0.000000000000000000e+00 0.000000000000000000e+00 1.000000000000000000e+00 0.000000000000000000e+00
3.653878058834403308e-01 9.308553868951316979e-01 0.000000000000000000e+00 -6.191588401794433594e+00 -9.308553868951316979e-01 3.653878058834403308e-01 0.000000000000000000e+00 3.288043498992919922e+00 0.000000000000000000e+00 0.000000000000000000e+00 1.000000000000000000e+00 0.000000000000000000e+00
6.524178529179377461e-01 7.578594494983539320e-01 0.000000000000000000e+00 -6.023471355438232422e+00 -7.578594494983539320e-01 6.524178529179377461e-01 0.000000000000000000e+00 3.603948831558227539e+00 0.000000000000000000e+00 0.000000000000000000e+00 1.000000000000000000e+00 0.000000000000000000e+00
8.737211376537741270e-01 4.864271513978168371e-01 0.000000000000000000e+00 -5.831274032592773438e+00 -4.864271513978168371e-01 8.737211376537741270e-01 0.000000000000000000e+00 4.056321620941162109e+00 0.000000000000000000e+00 0.000000000000000000e+00 1.000000000000000000e+00 0.000000000000000000e+00
-9.907032659555226051e-01 -1.360405778621258110e-01 0.000000000000000000e+00 -5.620676040649414062e+00 1.360405778621258110e-01 -9.907032659555226051e-01 0.000000000000000000e+00 4.469602584838867188e+00 0.000000000000000000e+00 0.000000000000000000e+00 1.000000000000000000e+00 0.000000000000000000e+00
-9.936045812762512863e-01 1.129156148052404690e-01 0.000000000000000000e+00 -5.745513439178466797e+00 -1.129156148052404690e-01 -9.936045812762512863e-01 0.000000000000000000e+00 5.162715435028076172e+00 0.000000000000000000e+00 0.000000000000000000e+00 1.000000000000000000e+00 0.000000000000000000e+00
-8.921534490699069009e-01 4.517324687385986248e-01 0.000000000000000000e+00 -5.979581356048583984e+00 -4.517324687385986248e-01 -8.921534490699069009e-01 0.000000000000000000e+00 5.570765018463134766e+00 0.000000000000000000e+00 0.000000000000000000e+00 1.000000000000000000e+00 0.000000000000000000e+00
-7.274799267034613992e-01 6.861289647315047535e-01 0.000000000000000000e+00 -6.128086090087890625e+00 -6.861289647315047535e-01 -7.274799267034613992e-01 0.000000000000000000e+00 6.078251361846923828e+00 0.000000000000000000e+00 0.000000000000000000e+00 1.000000000000000000e+00 0.000000000000000000e+00
-5.025616748618835228e-01 8.645413598897501162e-01 0.000000000000000000e+00 -6.449297904968261719e+00 -8.645413598897501162e-01 -5.025616748618835228e-01 0.000000000000000000e+00 6.296372890472412109e+00 0.000000000000000000e+00 0.000000000000000000e+00 1.000000000000000000e+00 0.000000000000000000e+00
-1.356422868929760828e-01 9.907578765805717946e-01 0.000000000000000000e+00 -6.955086231231689453e+00 -9.907578765805717946e-01 -1.356422868929760828e-01 0.000000000000000000e+00 6.497832775115966797e+00 0.000000000000000000e+00 0.000000000000000000e+00 1.000000000000000000e+00 0.000000000000000000e+00
1.451946548307198603e-01 9.894031090554487040e-01 0.000000000000000000e+00 -7.334748268127441406e+00 -9.894031090554487040e-01 1.451946548307198603e-01 0.000000000000000000e+00 6.603888988494873047e+00 0.000000000000000000e+00 0.000000000000000000e+00 1.000000000000000000e+00 0.000000000000000000e+00
6.507841432662251346e-01 7.592627996110736799e-01 0.000000000000000000e+00 -7.745819568634033203e+00 -7.592627996110736799e-01 6.507841432662251346e-01 0.000000000000000000e+00 6.466578960418701172e+00 0.000000000000000000e+00 0.000000000000000000e+00 1.000000000000000000e+00 0.000000000000000000e+00
8.541416347503083539e-01 5.200404482211655743e-01 0.000000000000000000e+00 -8.089870452880859375e+00 -5.200404482211655743e-01 8.541416347503083539e-01 0.000000000000000000e+00 6.243987083435058594e+00 0.000000000000000000e+00 0.000000000000000000e+00 1.000000000000000000e+00 0.000000000000000000e+00
9.412458003675028273e-01 3.377222872280402632e-01 0.000000000000000000e+00 -8.193987846374511719e+00 -3.377222872280402632e-01 9.412458003675028273e-01 0.000000000000000000e+00 5.891397953033447266e+00 0.000000000000000000e+00 0.000000000000000000e+00 1.000000000000000000e+00 0.000000000000000000e+00
9.988597903883273954e-01 4.774012091927126028e-02 0.000000000000000000e+00 -8.190849304199218750e+00 -4.774012091927126028e-02 9.988597903883273954e-01 0.000000000000000000e+00 5.911542892456054688e+00 0.000000000000000000e+00 0.000000000000000000e+00 1.000000000000000000e+00 0.000000000000000000e+00
9.976390858225208103e-01 6.867499136661713022e-02 0.000000000000000000e+00 -8.234761238098144531e+00 -6.867499136661713022e-02 9.976390858225208103e-01 0.000000000000000000e+00 5.400493621826171875e+00 0.000000000000000000e+00 0.000000000000000000e+00 1.000000000000000000e+00 0.000000000000000000e+00
9.958891008992919458e-01 -9.058089594390109078e-02 0.000000000000000000e+00 -8.320044517517089844e+00 9.058089594390109078e-02 9.958891008992919458e-01 0.000000000000000000e+00 4.882259845733642578e+00 0.000000000000000000e+00 0.000000000000000000e+00 1.000000000000000000e+00 0.000000000000000000e+00
9.579614176851324325e-01 -2.868970585884269009e-01 0.000000000000000000e+00 -8.223464012145996094e+00 2.868970585884269009e-01 9.579614176851324325e-01 0.000000000000000000e+00 4.381044387817382812e+00 0.000000000000000000e+00 0.000000000000000000e+00 1.000000000000000000e+00 0.000000000000000000e+00
9.103974191880414013e-01 -4.137348657482875502e-01 0.000000000000000000e+00 -8.104790687561035156e+00 4.137348657482875502e-01 9.103974191880414013e-01 0.000000000000000000e+00 3.988995552062988281e+00 0.000000000000000000e+00 0.000000000000000000e+00 1.000000000000000000e+00 0.000000000000000000e+00
8.545313965883095664e-01 -5.193997422456360091e-01 0.000000000000000000e+00 -7.872899532318115234e+00 5.193997422456360091e-01 8.545313965883095664e-01 0.000000000000000000e+00 3.458352565765380859e+00 0.000000000000000000e+00 0.000000000000000000e+00 1.000000000000000000e+00 0.000000000000000000e+00
8.785131509523467219e-01 -4.777181633597148980e-01 0.000000000000000000e+00 -7.562226295471191406e+00 4.777181633597148980e-01 8.785131509523467219e-01 0.000000000000000000e+00 2.926237344741821289e+00 0.000000000000000000e+00 0.000000000000000000e+00 1.000000000000000000e+00 0.000000000000000000e+00
8.466168752951318544e-01 -5.322028433459436991e-01 0.000000000000000000e+00 -7.153691768646240234e+00 5.322028433459436991e-01 8.466168752951318544e-01 0.000000000000000000e+00 2.346793174743652344e+00 0.000000000000000000e+00 0.000000000000000000e+00 1.000000000000000000e+00 0.000000000000000000e+00
7.891037557236690869e-01 -6.142599308947312986e-01 0.000000000000000000e+00 -6.899014949798583984e+00 6.142599308947312986e-01 7.891037557236690869e-01 0.000000000000000000e+00 1.986431717872619629e+00 0.000000000000000000e+00 0.000000000000000000e+00 1.000000000000000000e+00 0.000000000000000000e+00
6.624064771531018581e-01 -7.491446182317651470e-01 0.000000000000000000e+00 -6.539261341094970703e+00 7.491446182317651470e-01 6.624064771531018581e-01 0.000000000000000000e+00 1.543776512145996094e+00 0.000000000000000000e+00 0.000000000000000000e+00 1.000000000000000000e+00 0.000000000000000000e+00
6.984709952172819536e-01 -7.156383645670344462e-01 0.000000000000000000e+00 -6.084859371185302734e+00 7.156383645670344462e-01 6.984709952172819536e-01 0.000000000000000000e+00 1.101243138313293457e+00 0.000000000000000000e+00 0.000000000000000000e+00 1.000000000000000000e+00 0.000000000000000000e+00
7.496461574408763706e-01 -6.618388313132803624e-01 0.000000000000000000e+00 -5.716875553131103516e+00 6.618388313132803624e-01 7.496461574408763706e-01 0.000000000000000000e+00 8.395754098892211914e-01 0.000000000000000000e+00 0.000000000000000000e+00 1.000000000000000000e+00 0.000000000000000000e+00
7.295985835420947252e-01 -6.838756516307398226e-01 0.000000000000000000e+00 -5.386079311370849609e+00 6.838756516307398226e-01 7.295985835420947252e-01 0.000000000000000000e+00 3.940435349941253662e-01 0.000000000000000000e+00 0.000000000000000000e+00 1.000000000000000000e+00 0.000000000000000000e+00
6.303483894343954175e-01 -7.763123778077120063e-01 0.000000000000000000e+00 -5.066761493682861328e+00 7.763123778077120063e-01 6.303483894343954175e-01 0.000000000000000000e+00 1.146394088864326477e-01 0.000000000000000000e+00 0.000000000000000000e+00 1.000000000000000000e+00 0.000000000000000000e+00
5.636717185430252242e-01 -8.259989066062694008e-01 0.000000000000000000e+00 -4.590691566467285156e+00 8.259989066062694008e-01 5.636717185430252242e-01 0.000000000000000000e+00 -2.940660417079925537e-01 0.000000000000000000e+00 0.000000000000000000e+00 1.000000000000000000e+00 0.000000000000000000e+00
3.633149339038333481e-01 -9.316663881467728281e-01 0.000000000000000000e+00 -4.264510154724121094e+00 9.316663881467728281e-01 3.633149339038333481e-01 0.000000000000000000e+00 -7.698196768760681152e-01 0.000000000000000000e+00 0.000000000000000000e+00 1.000000000000000000e+00 0.000000000000000000e+00
4.106952148760725785e-01 -9.117726912327965838e-01 0.000000000000000000e+00 -3.744248628616333008e+00 9.117726912327965838e-01 4.106952148760725785e-01 0.000000000000000000e+00 -9.588235020637512207e-01 0.000000000000000000e+00 0.000000000000000000e+00 1.000000000000000000e+00 0.000000000000000000e+00
5.622427643653316043e-01 -8.269722328584135917e-01 0.000000000000000000e+00 -3.229412794113159180e+00 8.269722328584135917e-01 5.622427643653316043e-01 0.000000000000000000e+00 -1.157426118850708008e+00 0.000000000000000000e+00 0.000000000000000000e+00 1.000000000000000000e+00 0.000000000000000000e+00
4.708015030899910802e-01 -8.822391652427391540e-01 0.000000000000000000e+00 -2.636954069137573242e+00 8.822391652427391540e-01 4.708015030899910802e-01 0.000000000000000000e+00 -1.533732056617736816e+00 0.000000000000000000e+00 0.000000000000000000e+00 1.000000000000000000e+00 0.000000000000000000e+00
4.443003527049860790e-01 -8.958778915601305348e-01 0.000000000000000000e+00 -2.170825958251953125e+00 8.958778915601305348e-01 4.443003527049860790e-01 0.000000000000000000e+00 -1.569158315658569336e+00 0.000000000000000000e+00 0.000000000000000000e+00 1.000000000000000000e+00 0.000000000000000000e+00
3.286615336309932078e-01 -9.444477732047037444e-01 0.000000000000000000e+00 -2.193102836608886719e+00 9.444477732047037444e-01 3.286615336309932078e-01 0.000000000000000000e+00 -1.634463548660278320e+00 0.000000000000000000e+00 0.000000000000000000e+00 1.000000000000000000e+00 0.000000000000000000e+00
2.611582147016043298e-01 -9.652960099854711595e-01 0.000000000000000000e+00 -1.710424065589904785e+00 9.652960099854711595e-01 2.611582147016043298e-01 0.000000000000000000e+00 -1.693235516548156738e+00 0.000000000000000000e+00 0.000000000000000000e+00 1.000000000000000000e+00 0.000000000000000000e+00
1.426169262005204108e-01 -9.897779611413437539e-01 0.000000000000000000e+00 -1.310016274452209473e+00 9.897779611413437539e-01 1.426169262005204108e-01 0.000000000000000000e+00 -1.550068974494934082e+00 0.000000000000000000e+00 0.000000000000000000e+00 1.000000000000000000e+00 0.000000000000000000e+00
-4.582211095413243895e-02 -9.989496154199706268e-01 0.000000000000000000e+00 -8.738649487495422363e-01 9.989496154199706268e-01 -4.582211095413243895e-02 0.000000000000000000e+00 -1.425610065460205078e+00 0.000000000000000000e+00 0.000000000000000000e+00 1.000000000000000000e+00 0.000000000000000000e+00
-2.583178807915393893e-01 -9.660599735334075566e-01 0.000000000000000000e+00 -3.902039229869842529e-01 9.660599735334075566e-01 -2.583178807915393893e-01 0.000000000000000000e+00 -1.369291305541992188e+00 0.000000000000000000e+00 0.000000000000000000e+00 1.000000000000000000e+00 0.000000000000000000e+00
-4.069429457635084790e-01 -9.134535778534770278e-01 0.000000000000000000e+00 -1.571339517831802368e-01 9.134535778534770278e-01 -4.069429457635084790e-01 0.000000000000000000e+00 -1.092759609222412109e+00 0.000000000000000000e+00 0.000000000000000000e+00 1.000000000000000000e+00 0.000000000000000000e+00
-5.238279471904232487e-01 -8.518240908440352088e-01 0.000000000000000000e+00 1.216902360320091248e-01 8.518240908440352088e-01 -5.238279471904232487e-01 0.000000000000000000e+00 -8.479608893394470215e-01 0.000000000000000000e+00 0.000000000000000000e+00 1.000000000000000000e+00 0.000000000000000000e+00
-6.717872411100873631e-01 -7.407441546726489801e-01 0.000000000000000000e+00 3.851507604122161865e-01 7.407441546726489801e-01 -6.717872411100873631e-01 0.000000000000000000e+00 -6.948415040969848633e-01 0.000000000000000000e+00 0.000000000000000000e+00 1.000000000000000000e+00 0.000000000000000000e+00
-8.065365689227391721e-01 -5.911842039418302441e-01 0.000000000000000000e+00 6.291654706001281738e-01 5.911842039418302441e-01 -8.065365689227391721e-01 0.000000000000000000e+00 -3.208106458187103271e-01 0.000000000000000000e+00 0.000000000000000000e+00 1.000000000000000000e+00 0.000000000000000000e+00
-8.657371079541243963e-01 -5.004990108993510045e-01 0.000000000000000000e+00 8.466972708702087402e-01 5.004990108993510045e-01 -8.657371079541243963e-01 0.000000000000000000e+00 -4.983279854059218666e-02 0.000000000000000000e+00 0.000000000000000000e+00 1.000000000000000000e+00 0.000000000000000000e+00
9.222874251533318413e-01 3.865047288249359725e-01 0.000000000000000000e+00 1.036053776741027832e+00 -3.865047288249359725e-01 9.222874251533318413e-01 0.000000000000000000e+00 3.806650042533874512e-01 0.000000000000000000e+00 0.000000000000000000e+00 1.000000000000000000e+00 0.000000000000000000e+00
9.497938923817668133e-01 3.128762726610836431e-01 0.000000000000000000e+00 1.115680217742919922e+00 -3.128762726610836431e-01 9.497938923817668133e-01 0.000000000000000000e+00 7.761819362640380859e-01 0.000000000000000000e+00 0.000000000000000000e+00 1.000000000000000000e+00 0.000000000000000000e+00
9.667298506327962615e-01 2.557995228601716020e-01 0.000000000000000000e+00 1.219927191734313965e+00 -2.557995228601716020e-01 9.667298506327962615e-01 0.000000000000000000e+00 1.237190842628479004e+00 0.000000000000000000e+00 0.000000000000000000e+00 1.000000000000000000e+00 0.000000000000000000e+00
9.923700674984483605e-01 1.232949679959607914e-01 0.000000000000000000e+00 1.293800830841064453e+00 -1.232949679959607914e-01 9.923700674984483605e-01 0.000000000000000000e+00 1.815744042396545410e+00 0.000000000000000000e+00 0.000000000000000000e+00 1.000000000000000000e+00 0.000000000000000000e+00
9.914533409145602771e-01 -1.304617675388338727e-01 0.000000000000000000e+00 1.210339426994323730e+00 1.304617675388338727e-01 9.914533409145602771e-01 0.000000000000000000e+00 2.060714244842529297e+00 0.000000000000000000e+00 0.000000000000000000e+00 1.000000000000000000e+00 0.000000000000000000e+00
9.535220127851773420e-01 -3.013233663924920203e-01 0.000000000000000000e+00 1.073423385620117188e+00 3.013233663924920203e-01 9.535220127851773420e-01 0.000000000000000000e+00 2.412971735000610352e+00 0.000000000000000000e+00 0.000000000000000000e+00 1.000000000000000000e+00 0.000000000000000000e+00
8.699066185035162491e-01 -4.932164586505379256e-01 0.000000000000000000e+00 6.830377578735351562e-01 4.932164586505379256e-01 8.699066185035162491e-01 0.000000000000000000e+00 2.858354806900024414e+00 0.000000000000000000e+00 0.000000000000000000e+00 1.000000000000000000e+00 0.000000000000000000e+00
8.283152235029325183e-01 -5.602623407951733414e-01 0.000000000000000000e+00 3.837961554527282715e-01 5.602623407951733414e-01 8.283152235029325183e-01 0.000000000000000000e+00 3.373804330825805664e+00 0.000000000000000000e+00 0.000000000000000000e+00 1.000000000000000000e+00 0.000000000000000000e+00
7.628800392261104735e-01 -6.465400573439886722e-01 0.000000000000000000e+00 2.869783341884613037e-01 6.465400573439886722e-01 7.628800392261104735e-01 0.000000000000000000e+00 3.613453388214111328e+00 0.000000000000000000e+00 0.000000000000000000e+00 1.000000000000000000e+00 0.000000000000000000e+00
-6.790746850530147150e-01 7.340691875566967006e-01 0.000000000000000000e+00 -1.904845386743545532e-01 -7.340691875566967006e-01 -6.790746850530147150e-01 0.000000000000000000e+00 3.875528097152709961e+00 0.000000000000000000e+00 0.000000000000000000e+00 1.000000000000000000e+00 0.000000000000000000e+00
