9.999999999663499173e-01 8.203673132717980977e-06 0.000000000000000000e+00 -8.000000000000000000e+00 -8.203673132717980977e-06 9.999999999663499173e-01 0.000000000000000000e+00 5.000000000000000000e+00 0.000000000000000000e+00 0.000000000000000000e+00 1.000000000000000000e+00 0.000000000000000000e+00
9.972655208857867937e-01 -7.390183253749710302e-02 0.000000000000000000e+00 -8.011325836181640625e+00 7.390183253749710302e-02 9.972655208857867937e-01 0.000000000000000000e+00 4.603901863098144531e+00 0.000000000000000000e+00 0.000000000000000000e+00 1.000000000000000000e+00 0.000000000000000000e+00
9.885855524252150639e-01 -1.506605639712407518e-01 0.000000000000000000e+00 -7.989392757415771484e+00 1.506605639712407518e-01 9.885855524252150639e-01 0.000000000000000000e+00 4.209033966064453125e+00 0.000000000000000000e+00 0.000000000000000000e+00 1.000000000000000000e+00 0.000000000000000000e+00
9.630113663763173459e-01 -2.694607730821283464e-01 0.000000000000000000e+00 -7.904999256134033203e+00 2.694607730821283464e-01 9.630113663763173459e-01 0.000000000000000000e+00 3.874564170837402344e+00 0.000000000000000000e+00 0.000000000000000000e+00 1.000000000000000000e+00 0.000000000000000000e+00
9.309257536576214243e-01 -3.652084900121977951e-01 0.000000000000000000e+00 -7.767145156860351562e+00 3.652084900121977951e-01 9.309257536576214243e-01 0.000000000000000000e+00 3.551602840423583984e+00 0.000000000000000000e+00 0.000000000000000000e+00 1.000000000000000000e+00 0.000000000000000000e+00
8.571043747611893915e-01 -5.151427867739493127e-01 0.000000000000000000e+00 -7.585249900817871094e+00 5.151427867739493127e-01 8.571043747611893915e-01 0.000000000000000000e+00 3.086261987686157227e+00 0.000000000000000000e+00 0.000000000000000000e+00 1.000000000000000000e+00 0.000000000000000000e+00
8.770678608974257218e-01 -4.803664927748540481e-01 0.000000000000000000e+00 -7.162053108215332031e+00 4.803664927748540481e-01 8.770678608974257218e-01 0.000000000000000000e+00 2.707884788513183594e+00 0.000000000000000000e+00 0.000000000000000000e+00 1.000000000000000000e+00 0.000000000000000000e+00
8.677365475025166086e-01 -4.970244301122559993e-01 0.000000000000000000e+00 -6.915463447570800781e+00 4.970244301122559993e-01 8.677365475025166086e-01 0.000000000000000000e+00 2.301777362823486328e+00 0.000000000000000000e+00 0.000000000000000000e+00 1.000000000000000000e+00 0.000000000000000000e+00
7.803836862173526567e-01 -6.253009693626073728e-01 0.000000000000000000e+00 -6.660834789276123047e+00 6.253009693626073728e-01 7.803836862173526567e-01 0.000000000000000000e+00 1.961999177932739258e+00 0.000000000000000000e+00 0.000000000000000000e+00 1.000000000000000000e+00 0.000000000000000000e+00
7.101001116959206882e-01 -7.041007253010331812e-01 0.000000000000000000e+00 -6.370445251464843750e+00 7.041007253010331812e-01 7.101001116959206882e-01 0.000000000000000000e+00 1.564161896705627441e+00 0.000000000000000000e+00 0.000000000000000000e+00 1.000000000000000000e+00 0.000000000000000000e+00
6.740929153363431903e-01 -7.386465606048332466e-01 0.000000000000000000e+00 -5.972089767456054688e+00 7.386465606048332466e-01 6.740929153363431903e-01 0.000000000000000000e+00 1.331238031387329102e+00 0.000000000000000000e+00 0.000000000000000000e+00 1.000000000000000000e+00 0.000000000000000000e+00
7.709686356910676608e-01 -6.368731135639608132e-01 0.000000000000000000e+00 -5.729124069213867188e+00 6.368731135639608132e-01 7.709686356910676608e-01 0.000000000000000000e+00 1.009225845336914062e+00 0.000000000000000000e+00 0.000000000000000000e+00 1.000000000000000000e+00 0.000000000000000000e+00
7.492577352043257033e-01 -6.622785261779854382e-01 0.000000000000000000e+00 -5.389234066009521484e+00 6.622785261779854382e-01 7.492577352043257033e-01 0.000000000000000000e+00 7.324723005294799805e-01 0.000000000000000000e+00 0.000000000000000000e+00 1.000000000000000000e+00 0.000000000000000000e+00
7.029465296819213949e-01 -7.112426986677217178e-01 0.000000000000000000e+00 -5.125574588775634766e+00 7.112426986677217178e-01 7.029465296819213949e-01 0.000000000000000000e+00 1.961566209793090820e-01 0.000000000000000000e+00 0.000000000000000000e+00 1.000000000000000000e+00 0.000000000000000000e+00
5.504557336442448268e-01 -8.348643514357144690e-01 0.000000000000000000e+00 -4.786800384521484375e+00 8.348643514357144690e-01 5.504557336442448268e-01 0.000000000000000000e+00 6.923951208591461182e-02 0.000000000000000000e+00 0.000000000000000000e+00 1.000000000000000000e+00 0.000000000000000000e+00
5.485782760426437532e-01 -8.360992016824803086e-01 0.000000000000000000e+00 -4.380541801452636719e+00 8.360992016824803086e-01 5.485782760426437532e-01 0.000000000000000000e+00 -2.162346541881561279e-01 0.000000000000000000e+00 0.000000000000000000e+00 1.000000000000000000e+00 0.000000000000000000e+00
4.455835956923347441e-01 -8.952403360270860810e-01 0.000000000000000000e+00 -4.192180633544921875e+00 8.952403360270860810e-01 4.455835956923347441e-01 0.000000000000000000e+00 -4.443329870700836182e-01 0.000000000000000000e+00 0.000000000000000000e+00 1.000000000000000000e+00 0.000000000000000000e+00
4.184256792743649145e-01 -9.082510395941125747e-01 0.000000000000000000e+00 -3.607840538024902344e+00 9.082510395941125747e-01 4.184256792743649145e-01 0.000000000000000000e+00 -6.201786398887634277e-01 0.000000000000000000e+00 0.000000000000000000e+00 1.000000000000000000e+00 0.000000000000000000e+00
4.795880652745830308e-01 -8.774937536223162970e-01 0.000000000000000000e+00 -3.252693176269531250e+00 8.774937536223162970e-01 4.795880652745830308e-01 0.000000000000000000e+00 -9.192112088203430176e-01 0.000000000000000000e+00 0.000000000000000000e+00 1.000000000000000000e+00 0.000000000000000000e+00
4.673936176981396962e-01 -8.840493233610018375e-01 0.000000000000000000e+00 -2.893369674682617188e+00 8.840493233610018375e-01 4.673936176981396962e-01 0.000000000000000000e+00 -9.096401929855346680e-01 0.000000000000000000e+00 0.000000000000000000e+00 1.000000000000000000e+00 0.000000000000000000e+00
3.413286682133399585e-01 -9.399440091067700065e-01 0.000000000000000000e+00 -2.970034122467041016e+00 9.399440091067700065e-01 3.413286682133399585e-01 0.000000000000000000e+00 -1.027542591094970703e+00 0.000000000000000000e+00 0.000000000000000000e+00 1.000000000000000000e+00 0.000000000000000000e+00
2.320472326516785366e-01 -9.727045192753541736e-01 0.000000000000000000e+00 -2.680543661117553711e+00 9.727045192753541736e-01 2.320472326516785366e-01 0.000000000000000000e+00 -1.016341090202331543e+00 0.000000000000000000e+00 0.000000000000000000e+00 1.000000000000000000e+00 0.000000000000000000e+00
1.070261890341703687e-01 -9.942562018216541952e-01 0.000000000000000000e+00 -2.192806959152221680e+00 9.942562018216541952e-01 1.070261890341703687e-01 0.000000000000000000e+00 -1.018890619277954102e+00 0.000000000000000000e+00 0.000000000000000000e+00 1.000000000000000000e+00 0.000000000000000000e+00
-1.113214236971362542e-01 -9.937844538057750698e-01 0.000000000000000000e+00 -1.777598261833190918e+00 9.937844538057750698e-01 -1.113214236971362542e-01 0.000000000000000000e+00 -9.219597578048706055e-01 0.000000000000000000e+00 0.000000000000000000e+00 1.000000000000000000e+00 0.000000000000000000e+00
-2.709893226234571517e-01 -9.625823533724685577e-01 0.000000000000000000e+00 -1.342082500457763672e+00 9.625823533724685577e-01 -2.709893226234571517e-01 0.000000000000000000e+00 -8.386951684951782227e-01 0.000000000000000000e+00 0.000000000000000000e+00 1.000000000000000000e+00 0.000000000000000000e+00
-4.057229913127015086e-01 -9.139960909764732744e-01 0.000000000000000000e+00 -1.031370759010314941e+00 9.139960909764732744e-01 -4.057229913127015086e-01 0.000000000000000000e+00 -6.456185579299926758e-01 0.000000000000000000e+00 0.000000000000000000e+00 1.000000000000000000e+00 0.000000000000000000e+00
-5.549283102937847545e-01 -8.318981731164487581e-01 0.000000000000000000e+00 -8.595969676971435547e-01 8.318981731164487581e-01 -5.549283102937847545e-01 0.000000000000000000e+00 -4.019611775875091553e-01 0.000000000000000000e+00 0.000000000000000000e+00 1.000000000000000000e+00 0.000000000000000000e+00
-6.377553090350073228e-01 -7.702390315984137814e-01 0.000000000000000000e+00 -6.970931887626647949e-01 7.702390315984137814e-01 -6.377553090350073228e-01 0.000000000000000000e+00 -1.893864423036575317e-01 0.000000000000000000e+00 0.000000000000000000e+00 1.000000000000000000e+00 0.000000000000000000e+00
-7.901490560961853538e-01 -6.129147323652021084e-01 0.000000000000000000e+00 -4.465301334857940674e-01 6.129147323652021084e-01 -7.901490560961853538e-01 0.000000000000000000e+00 1.641662567853927612e-01 0.000000000000000000e+00 0.000000000000000000e+00 1.000000000000000000e+00 0.000000000000000000e+00
-8.916336313332157149e-01 -4.527576255299772257e-01 0.000000000000000000e+00 -1.195183768868446350e-01 4.527576255299772257e-01 -8.916336313332157149e-01 0.000000000000000000e+00 5.661848187446594238e-01 0.000000000000000000e+00 0.000000000000000000e+00 1.000000000000000000e+00 0.000000000000000000e+00
9.238143704097373510e-01 3.828407097272450432e-01 0.000000000000000000e+00 1.460269372910260981e-02 -3.828407097272450432e-01 9.238143704097373510e-01 0.000000000000000000e+00 8.838188052177429199e-01 0.000000000000000000e+00 0.000000000000000000e+00 1.000000000000000000e+00 0.000000000000000000e+00
9.563143173978241318e-01 2.923404288495412007e-01 0.000000000000000000e+00 1.328211873769760132e-01 -2.923404288495412007e-01 9.563143173978241318e-01 0.000000000000000000e+00 1.396597027778625488e+00 0.000000000000000000e+00 0.000000000000000000e+00 1.000000000000000000e+00 0.000000000000000000e+00
9.710537871577819002e-01 2.388609269983879568e-01 0.000000000000000000e+00 2.130543589591979980e-01 -2.388609269983879568e-01 9.710537871577819002e-01 0.000000000000000000e+00 1.790068864822387695e+00 0.000000000000000000e+00 0.000000000000000000e+00 1.000000000000000000e+00 0.000000000000000000e+00
9.999814464419062299e-01 6.091532808175776498e-03 0.000000000000000000e+00 3.504756391048431396e-01 -6.091532808175776498e-03 9.999814464419062299e-01 0.000000000000000000e+00 2.027318954467773438e+00 0.000000000000000000e+00 0.000000000000000000e+00 1.000000000000000000e+00 0.000000000000000000e+00
9.798406782954875993e-01 -1.997804924346689437e-01 0.000000000000000000e+00 1.356159150600433350e-01 1.997804924346689437e-01 9.798406782954875993e-01 0.000000000000000000e+00 2.468978166580200195e+00 0.000000000000000000e+00 0.000000000000000000e+00 1.000000000000000000e+00 0.000000000000000000e+00
9.380157367595532980e-01 -3.465926681155162559e-01 0.000000000000000000e+00 -1.912526786327362061e-02 3.465926681155162559e-01 9.380157367595532980e-01 0.000000000000000000e+00 2.932019233703613281e+00 0.000000000000000000e+00 0.000000000000000000e+00 1.000000000000000000e+00 0.000000000000000000e+00
8.651497023930873054e-01 -5.015137011579567927e-01 0.000000000000000000e+00 -2.752636373043060303e-01 5.015137011579567927e-01 8.651497023930873054e-01 0.000000000000000000e+00 3.224862813949584961e+00 0.000000000000000000e+00 0.000000000000000000e+00 1.000000000000000000e+00 0.000000000000000000e+00
7.717727466883400611e-01 -6.358984411595418607e-01 0.000000000000000000e+00 -4.213802218437194824e-01 6.358984411595418607e-01 7.717727466883400611e-01 0.000000000000000000e+00 3.669148206710815430e+00 0.000000000000000000e+00 0.000000000000000000e+00 1.000000000000000000e+00 0.000000000000000000e+00
7.667307816077044702e-01 -6.419687753584583101e-01 0.000000000000000000e+00 -6.000133156776428223e-01 6.419687753584583101e-01 7.667307816077044702e-01 0.000000000000000000e+00 4.066340923309326172e+00 0.000000000000000000e+00 0.000000000000000000e+00 1.000000000000000000e+00 0.000000000000000000e+00
7.506757264859156287e-01 -6.606708360937713076e-01 0.000000000000000000e+00 -9.304159283638000488e-01 6.606708360937713076e-01 7.506757264859156287e-01 0.000000000000000000e+00 4.526023864746093750e+00 0.000000000000000000e+00 0.000000000000000000e+00 1.000000000000000000e+00 0.000000000000000000e+00
-7.616997176896904698e-01 6.479301969127891914e-01 0.000000000000000000e+00 -8.426648974418640137e-01 -6.479301969127891914e-01 -7.616997176896904698e-01 0.000000000000000000e+00 4.384199142456054688e+00 0.000000000000000000e+00 0.000000000000000000e+00 1.000000000000000000e+00 0.000000000000000000e+00
6.369052895211638754e-01 -7.709420550080028356e-01 0.000000000000000000e+00 -1.413603067398071289e+00 7.709420550080028356e-01 6.369052895211638754e-01 0.000000000000000000e+00 4.846997737884521484e+00 0.000000000000000000e+00 0.000000000000000000e+00 1.000000000000000000e+00 0.000000000000000000e+00
4.803099381768178855e-01 -8.770988332500400109e-01 0.000000000000000000e+00 -1.793684124946594238e+00 8.770988332500400109e-01 4.803099381768178855e-01 0.000000000000000000e+00 5.072752952575683594e+00 0.000000000000000000e+00 0.000000000000000000e+00 1.000000000000000000e+00 0.000000000000000000e+00
3.872371828786187464e-01 -9.219801322133960308e-01 0.000000000000000000e+00 -2.226806402206420898e+00 9.219801322133960308e-01 3.872371828786187464e-01 0.000000000000000000e+00 5.427568912506103516e+00 0.000000000000000000e+00 0.000000000000000000e+00 1.000000000000000000e+00 0.000000000000000000e+00
2.812058217967672302e-01 -9.596474799568874836e-01 0.000000000000000000e+00 -2.687917709350585938e+00 9.596474799568874836e-01 2.812058217967672302e-01 0.000000000000000000e+00 5.715211868286132812e+00 0.000000000000000000e+00 0.000000000000000000e+00 1.000000000000000000e+00 0.000000000000000000e+00
2.184225435303783769e-01 -9.758542885481007456e-01 0.000000000000000000e+00 -3.172142744064331055e+00 9.758542885481007456e-01 2.184225435303783769e-01 0.000000000000000000e+00 5.771130561828613281e+00 0.000000000000000000e+00 0.000000000000000000e+00 1.000000000000000000e+00 0.000000000000000000e+00
1.874038844319705077e-01 -9.822829450315263555e-01 0.000000000000000000e+00 -3.555413722991943359e+00 9.822829450315263555e-01 1.874038844319705077e-01 0.000000000000000000e+00 5.814995765686035156e+00 0.000000000000000000e+00 0.000000000000000000e+00 1.000000000000000000e+00 0.000000000000000000e+00
6.165978747567441715e-02 -9.980972250279301905e-01 0.000000000000000000e+00 -4.064252376556396484e+00 9.980972250279301905e-01 6.165978747567441715e-02 0.000000000000000000e+00 6.129907608032226562e+00 0.000000000000000000e+00 0.000000000000000000e+00 1.000000000000000000e+00 0.000000000000000000e+00
-6.677565279311613311e-02 -9.977680152189952745e-01 0.000000000000000000e+00 -4.536989212036132812e+00 9.977680152189952745e-01 -6.677565279311613311e-02 0.000000000000000000e+00 6.112785339355468750e+00 0.000000000000000000e+00 0.000000000000000000e+00 1.000000000000000000e+00 0.000000000000000000e+00
-9.581149981744252475e-02 -9.953994959325287439e-01 0.000000000000000000e+00 -5.112977504730224609e+00 9.953994959325287439e-01 -9.581149981744252475e-02 0.000000000000000000e+00 6.109475612640380859e+00 0.000000000000000000e+00 0.000000000000000000e+00 1.000000000000000000e+00 0.000000000000000000e+00
-1.803873625408365378e-01 -9.835956483411060214e-01 0.000000000000000000e+00 -5.558478832244873047e+00 9.835956483411060214e-01 -1.803873625408365378e-01 0.000000000000000000e+00 6.156849861145019531e+00 0.000000000000000000e+00 0.000000000000000000e+00 1.000000000000000000e+00 0.000000000000000000e+00
-1.533333783794532390e-01 -9.881745165074554693e-01 0.000000000000000000e+00 -6.001217365264892578e+00 9.881745165074554693e-01 -1.533333783794532390e-01 0.000000000000000000e+00 5.997691631317138672e+00 0.000000000000000000e+00 0.000000000000000000e+00 1.000000000000000000e+00 0.000000000000000000e+00
-3.465354323026145211e-01 -9.380368831548363540e-01 0.000000000000000000e+00 -6.464049816131591797e+00 9.380368831548363540e-01 -3.465354323026145211e-01 0.000000000000000000e+00 5.975637435913085938e+00 0.000000000000000000e+00 0.000000000000000000e+00 1.000000000000000000e+00 0.000000000000000000e+00
-3.965716092190316178e-01 -9.180037901672453149e-01 0.000000000000000000e+00 -6.751858711242675781e+00 9.180037901672453149e-01 -3.965716092190316178e-01 0.000000000000000000e+00 6.004954338073730469e+00 0.000000000000000000e+00 0.000000000000000000e+00 1.000000000000000000e+00 0.000000000000000000e+00
-4.960183170516409557e-01 -8.683120574708482753e-01 0.000000000000000000e+00 -7.065742015838623047e+00 8.683120574708482753e-01 -4.960183170516409557e-01 0.000000000000000000e+00 5.761570453643798828e+00 0.000000000000000000e+00 0.000000000000000000e+00 1.000000000000000000e+00 0.000000000000000000e+00
-5.805409152556711971e-01 -8.142310763622987446e-01 0.000000000000000000e+00 -7.600417613983154297e+00 8.142310763622987446e-01 -5.805409152556711971e-01 0.000000000000000000e+00 5.690352916717529297e+00 0.000000000000000000e+00 0.000000000000000000e+00 1.000000000000000000e+00 0.000000000000000000e+00
-6.786752453536400997e-01 -7.344385007229511375e-01 0.000000000000000000e+00 -8.078717231750488281e+00 7.344385007229511375e-01 -6.786752453536400997e-01 0.000000000000000000e+00 5.375492572784423828e+00 0.000000000000000000e+00 0.000000000000000000e+00 1.000000000000000000e+00 0.000000000000000000e+00
-7.406577093173722925e-01 -6.718825474952768717e-01 0.000000000000000000e+00 -8.299509048461914062e+00 6.718825474952768717e-01 -7.406577093173722925e-01 0.000000000000000000e+00 5.064707756042480469e+00 0.000000000000000000e+00 0.000000000000000000e+00 1.000000000000000000e+00 0.000000000000000000e+00
-9.471897277017877759e-01 -3.206736966703273017e-01 0.000000000000000000e+00 -8.637587547302246094e+00 3.206736966703273017e-01 -9.471897277017877759e-01 0.000000000000000000e+00 4.659894466400146484e+00 0.000000000000000000e+00 0.000000000000000000e+00 1.000000000000000000e+00 0.000000000000000000e+00
-9.751003197247920529e-01 -2.217642136878904546e-01 0.000000000000000000e+00 -8.785381317138671875e+00 2.217642136878904546e-01 -9.751003197247920529e-01 0.000000000000000000e+00 4.310440063476562500e+00 0.000000000000000000e+00 0.000000000000000000e+00 1.000000000000000000e+00 0.000000000000000000e+00
1.563252748223798172e-01 -9.877056284398239017e-01 0.000000000000000000e+00 -8.678734779357910156e+00 9.877056284398239017e-01 1.563252748223798172e-01 0.000000000000000000e+00 4.401997566223144531e+00 0.000000000000000000e+00 0.000000000000000000e+00 1.000000000000000000e+00 0.000000000000000000e+00
-9.713177576917987333e-01 2.377852257659758273e-01 0.000000000000000000e+00 -8.597921371459960938e+00 -2.377852257659758273e-01 -9.713177576917987333e-01 0.000000000000000000e+00 4.017907142639160156e+00 0.000000000000000000e+00 0.000000000000000000e+00 1.000000000000000000e+00 0.000000000000000000e+00
-8.452004158710321180e-01 5.344494896727233213e-01 0.000000000000000000e+00 -8.528966903686523438e+00 -5.344494896727233213e-01 -8.452004158710321180e-01 0.000000000000000000e+00 3.665295600891113281e+00 0.000000000000000000e+00 0.000000000000000000e+00 1.000000000000000000e+00 0.000000000000000000e+00
-6.465398633345459389e-01 7.628802036488734339e-01 0.000000000000000000e+00 -8.254800796508789062e+00 -7.628802036488734339e-01 -6.465398633345459389e-01 0.000000000000000000e+00 3.252643108367919922e+00 0.000000000000000000e+00 0.000000000000000000e+00 1.000000000000000000e+00 0.000000000000000000e+00
-3.230925749480145215e-01 9.463673641950368642e-01 0.000000000000000000e+00 -7.813534259796142578e+00 -9.463673641950368642e-01 -3.230925749480145215e-01 0.000000000000000000e+00 3.054291248321533203e+00 0.000000000000000000e+00 0.000000000000000000e+00 1.000000000000000000e+00 0.000000000000000000e+00
-3.727077688674097777e-02 9.993052032238493032e-01 0.000000000000000000e+00 -7.321543693542480469e+00 -9.993052032238493032e-01 -3.727077688674097777e-02 0.000000000000000000e+00 3.134420156478881836e+00 0.000000000000000000e+00 0.000000000000000000e+00 1.000000000000000000e+00 0.000000000000000000e+00
1.380278132307075634e-01 9.904283531759119352e-01 0.000000000000000000e+00 -6.685401439666748047e+00 -9.904283531759119352e-01 1.380278132307075634e-01 0.000000000000000000e+00 3.149902105331420898e+00 0.000000000000000000e+00 0.000000000000000000e+00 1.000000000000000000e+00 0.000000000000000000e+00
3.735304959492427024e-01 9.276179001053789230e-01 0.000000000000000000e+00 -6.175162792205810547e+00 -9.276179001053789230e-01 3.735304959492427024e-01 0.000000000000000000e+00 3.319849252700805664e+00 0.000000000000000000e+00 0.000000000000000000e+00 1.000000000000000000e+00 0.000000000000000000e+00
6.590577012186349393e-01 7.520923789431777085e-01 0.000000000000000000e+00 -6.009699821472167969e+00 -7.520923789431777085e-01 6.590577012186349393e-01 0.000000000000000000e+00 3.637319803237915039e+00 0.000000000000000000e+00 0.000000000000000000e+00 1.000000000000000000e+00 0.000000000000000000e+00
8.779950167224612745e-01 4.786697719832797571e-01 0.000000000000000000e+00 -5.821366786956787109e+00 -4.786697719832797571e-01 8.779950167224612745e-01 0.000000000000000000e+00 4.091469764709472656e+00 0.000000000000000000e+00 0.000000000000000000e+00 1.000000000000000000e+00 0.000000000000000000e+00
-9.918802846393698358e-01 -1.271750798848683139e-01 0.000000000000000000e+00 -5.614313602447509766e+00 1.271750798848683139e-01 -9.918802846393698358e-01 0.000000000000000000e+00 4.506704807281494141e+00 0.000000000000000000e+00 0.000000000000000000e+00 1.000000000000000000e+00 0.000000000000000000e+00
-9.925327586945271729e-01 1.219783706983806615e-01 0.000000000000000000e+00 -5.745218753814697266e+00 -1.219783706983806615e-01 -9.925327586945271729e-01 0.000000000000000000e+00 5.198779582977294922e+00 0.000000000000000000e+00 0.000000000000000000e+00 1.000000000000000000e+00 0.000000000000000000e+00
-8.878759789135438618e-01 4.600828686968427839e-01 0.000000000000000000e+00 -5.982868194580078125e+00 -4.600828686968427839e-01 -8.878759789135438618e-01 0.000000000000000000e+00 5.604784011840820312e+00 0.000000000000000000e+00 0.000000000000000000e+00 1.000000000000000000e+00 0.000000000000000000e+00
-7.207759367485658819e-01 6.931681246308338817e-01 0.000000000000000000e+00 -6.135988235473632812e+00 -6.931681246308338817e-01 -7.207759367485658819e-01 0.000000000000000000e+00 6.110965251922607422e+00 0.000000000000000000e+00 0.000000000000000000e+00 1.000000000000000000e+00 0.000000000000000000e+00
-4.937847244159861426e-01 8.695841799006169826e-01 0.000000000000000000e+00 -6.459154605865478516e+00 -8.695841799006169826e-01 -4.937847244159861426e-01 0.000000000000000000e+00 6.326067447662353516e+00 0.000000000000000000e+00 0.000000000000000000e+00 1.000000000000000000e+00 0.000000000000000000e+00
-1.251230421015900318e-01 9.921412320507820848e-01 0.000000000000000000e+00 -6.966793060302734375e+00 -9.921412320507820848e-01 -1.251230421015900318e-01 0.000000000000000000e+00 6.522515296936035156e+00 0.000000000000000000e+00 0.000000000000000000e+00 1.000000000000000000e+00 0.000000000000000000e+00
1.562223110391371961e-01 9.877219191318936664e-01 0.000000000000000000e+00 -7.347380161285400391e+00 -9.877219191318936664e-01 1.562223110391371961e-01 0.000000000000000000e+00 6.624659538269042969e+00 0.000000000000000000e+00 0.000000000000000000e+00 1.000000000000000000e+00 0.000000000000000000e+00
6.596361484938466635e-01 7.515850927208467258e-01 0.000000000000000000e+00 -7.756698608398437500e+00 -7.515850927208467258e-01 6.596361484938466635e-01 0.000000000000000000e+00 6.482900142669677734e+00 0.000000000000000000e+00 0.000000000000000000e+00 1.000000000000000000e+00 0.000000000000000000e+00
8.604577882963093671e-01 5.095217311952686678e-01 0.000000000000000000e+00 -8.097905158996582031e+00 -5.095217311952686678e-01 8.604577882963093671e-01 0.000000000000000000e+00 6.256425857543945312e+00 0.000000000000000000e+00 0.000000000000000000e+00 1.000000000000000000e+00 0.000000000000000000e+00
9.454733910157077093e-01 3.256993504464795741e-01 0.000000000000000000e+00 -8.197458267211914062e+00 -3.256993504464795741e-01 9.454733910157077093e-01 0.000000000000000000e+00 5.902724266052246094e+00 0.000000000000000000e+00 0.000000000000000000e+00 1.000000000000000000e+00 0.000000000000000000e+00
9.994034488621014178e-01 3.453616079614441753e-02 0.000000000000000000e+00 -8.194330215454101562e+00 -3.453616079614441753e-02 9.994034488621014178e-01 0.000000000000000000e+00 5.923050403594970703e+00 0.000000000000000000e+00 0.000000000000000000e+00 1.000000000000000000e+00 0.000000000000000000e+00
9.984067679453944022e-01 5.642628572599329984e-02 0.000000000000000000e+00 -8.233326911926269531e+00 -5.642628572599329984e-02 9.984067679453944022e-01 0.000000000000000000e+00 5.411398887634277344e+00 0.000000000000000000e+00 0.000000000000000000e+00 1.000000000000000000e+00 0.000000000000000000e+00
9.947068666034659667e-01 -1.027533431666073221e-01 0.000000000000000000e+00 -8.314064025878906250e+00 1.027533431666073221e-01 9.947068666034659667e-01 0.000000000000000000e+00 4.892095088958740234e+00 0.000000000000000000e+00 0.000000000000000000e+00 1.000000000000000000e+00 0.000000000000000000e+00
9.569935499990133154e-01 -2.901091954080151636e-01 0.000000000000000000e+00 -8.217928886413574219e+00 2.901091954080151636e-01 9.569935499990133154e-01 0.000000000000000000e+00 4.389050006866455078e+00 0.000000000000000000e+00 0.000000000000000000e+00 1.000000000000000000e+00 0.000000000000000000e+00
9.117189945318133759e-01 -4.108144045793661880e-01 0.000000000000000000e+00 -8.103834152221679688e+00 4.108144045793661880e-01 9.117189945318133759e-01 0.000000000000000000e+00 3.994176626205444336e+00 0.000000000000000000e+00 0.000000000000000000e+00 1.000000000000000000e+00 0.000000000000000000e+00
8.536534930584275260e-01 -5.208413518425214495e-01 0.000000000000000000e+00 -7.865777015686035156e+00 5.208413518425214495e-01 8.536534930584275260e-01 0.000000000000000000e+00 3.462749719619750977e+00 0.000000000000000000e+00 0.000000000000000000e+00 1.000000000000000000e+00 0.000000000000000000e+00
8.769739309333354216e-01 -4.805379531975943475e-01 0.000000000000000000e+00 -7.546688079833984375e+00 4.805379531975943475e-01 8.769739309333354216e-01 0.000000000000000000e+00 2.930789470672607422e+00 0.000000000000000000e+00 0.000000000000000000e+00 1.000000000000000000e+00 0.000000000000000000e+00
8.444710447789490759e-01 -5.356012084844005150e-01 0.000000000000000000e+00 -7.140007972717285156e+00 5.356012084844005150e-01 8.444710447789490759e-01 0.000000000000000000e+00 2.351508378982543945e+00 0.000000000000000000e+00 0.000000000000000000e+00 1.000000000000000000e+00 0.000000000000000000e+00
7.852196297511839784e-01 -6.192173552585662488e-01 0.000000000000000000e+00 -6.887636661529541016e+00 6.192173552585662488e-01 7.852196297511839784e-01 0.000000000000000000e+00 1.991024494171142578e+00 0.000000000000000000e+00 0.000000000000000000e+00 1.000000000000000000e+00 0.000000000000000000e+00
6.561180582778761705e-01 -7.546582627929475651e-01 0.000000000000000000e+00 -6.524881839752197266e+00 7.546582627929475651e-01 6.561180582778761705e-01 0.000000000000000000e+00 1.554521203041076660e+00 0.000000000000000000e+00 0.000000000000000000e+00 1.000000000000000000e+00 0.000000000000000000e+00
6.922105329949648223e-01 -7.216956269860769213e-01 0.000000000000000000e+00 -6.066528320312500000e+00 7.216956269860769213e-01 6.922105329949648223e-01 0.000000000000000000e+00 1.119602084159851074e+00 0.000000000000000000e+00 0.000000000000000000e+00 1.000000000000000000e+00 0.000000000000000000e+00
7.465284726006022886e-01 -6.653534696660203807e-01 0.000000000000000000e+00 -5.696218013763427734e+00 6.653534696660203807e-01 7.465284726006022886e-01 0.000000000000000000e+00 8.583936095237731934e-01 0.000000000000000000e+00 0.000000000000000000e+00 1.000000000000000000e+00 0.000000000000000000e+00
7.286761254361902029e-01 -6.848584556091146247e-01 0.000000000000000000e+00 -5.363144874572753906e+00 6.848584556091146247e-01 7.286761254361902029e-01 0.000000000000000000e+00 4.118460118770599365e-01 0.000000000000000000e+00 0.000000000000000000e+00 1.000000000000000000e+00 0.000000000000000000e+00
6.274525437643060366e-01 -7.786548049833774687e-01 0.000000000000000000e+00 -5.039216518402099609e+00 7.786548049833774687e-01 6.274525437643060366e-01 0.000000000000000000e+00 1.292664408683776855e-01 0.000000000000000000e+00 0.000000000000000000e+00 1.000000000000000000e+00 0.000000000000000000e+00
5.586223736262113659e-01 -8.294221142965850779e-01 0.000000000000000000e+00 -4.557469367980957031e+00 8.294221142965850779e-01 5.586223736262113659e-01 0.000000000000000000e+00 -2.814162969589233398e-01 0.000000000000000000e+00 0.000000000000000000e+00 1.000000000000000000e+00 0.000000000000000000e+00
3.599027543027251141e-01 -9.329898217265353288e-01 0.000000000000000000e+00 -4.229498863220214844e+00 9.329898217265353288e-01 3.599027543027251141e-01 0.000000000000000000e+00 -7.486993074417114258e-01 0.000000000000000000e+00 0.000000000000000000e+00 1.000000000000000000e+00 0.000000000000000000e+00
4.123517590646925690e-01 -9.110247125057880924e-01 0.000000000000000000e+00 -3.709865331649780273e+00 9.110247125057880924e-01 4.123517590646925690e-01 0.000000000000000000e+00 -9.293385148048400879e-01 0.000000000000000000e+00 0.000000000000000000e+00 1.000000000000000000e+00 0.000000000000000000e+00
5.625449815844615342e-01 -8.267666803241031648e-01 0.000000000000000000e+00 -3.195982456207275391e+00 8.267666803241031648e-01 5.625449815844615342e-01 0.000000000000000000e+00 -1.127509236335754395e+00 0.000000000000000000e+00 0.000000000000000000e+00 1.000000000000000000e+00 0.000000000000000000e+00
4.704151645064920118e-01 -8.824452237971091018e-01 0.000000000000000000e+00 -2.604167699813842773e+00 8.824452237971091018e-01 4.704151645064920118e-01 0.000000000000000000e+00 -1.502625346183776855e+00 0.000000000000000000e+00 0.000000000000000000e+00 1.000000000000000000e+00 0.000000000000000000e+00
4.449863928301156513e-01 -8.955373304313125615e-01 0.000000000000000000e+00 -2.137846469879150391e+00 8.955373304313125615e-01 4.449863928301156513e-01 0.000000000000000000e+00 -1.534192681312561035e+00 0.000000000000000000e+00 0.000000000000000000e+00 1.000000000000000000e+00 0.000000000000000000e+00
3.305608845985933963e-01 -9.437846690709673636e-01 0.000000000000000000e+00 -2.160062074661254883e+00 9.437846690709673636e-01 3.305608845985933963e-01 0.000000000000000000e+00 -1.595862865447998047e+00 0.000000000000000000e+00 0.000000000000000000e+00 1.000000000000000000e+00 0.000000000000000000e+00
2.586472635808018117e-01 -9.659718386382509792e-01 0.000000000000000000e+00 -1.679973959922790527e+00 9.659718386382509792e-01 2.586472635808018117e-01 0.000000000000000000e+00 -1.661057353019714355e+00 0.000000000000000000e+00 0.000000000000000000e+00 1.000000000000000000e+00 0.000000000000000000e+00
1.336356306884101675e-01 -9.910305334400705268e-01 0.000000000000000000e+00 -1.282631993293762207e+00 9.910305334400705268e-01 1.336356306884101675e-01 0.000000000000000000e+00 -1.522038578987121582e+00 0.000000000000000000e+00 0.000000000000000000e+00 1.000000000000000000e+00 0.000000000000000000e+00
-5.369515921142563319e-02 -9.985573743542529579e-01 0.000000000000000000e+00 -8.460378646850585938e-01 9.985573743542529579e-01 -5.369515921142563319e-02 0.000000000000000000e+00 -1.392247676849365234e+00 0.000000000000000000e+00 0.000000000000000000e+00 1.000000000000000000e+00 0.000000000000000000e+00
-2.642205471802538397e-01 -9.644622866902402558e-01 0.000000000000000000e+00 -3.612465262413024902e-01 9.644622866902402558e-01 -2.642205471802538397e-01 0.000000000000000000e+00 -1.330750823020935059e+00 0.000000000000000000e+00 0.000000000000000000e+00 1.000000000000000000e+00 0.000000000000000000e+00
-4.139356177022614491e-01 -9.103061597053198062e-01 0.000000000000000000e+00 -1.279421746730804443e-01 9.103061597053198062e-01 -4.139356177022614491e-01 0.000000000000000000e+00 -1.057068705558776855e+00 0.000000000000000000e+00 0.000000000000000000e+00 1.000000000000000000e+00 0.000000000000000000e+00
-5.331206782574862135e-01 -8.460392085561270203e-01 0.000000000000000000e+00 1.508729010820388794e-01 8.460392085561270203e-01 -5.331206782574862135e-01 0.000000000000000000e+00 -8.144027590751647949e-01 0.000000000000000000e+00 0.000000000000000000e+00 1.000000000000000000e+00 0.000000000000000000e+00
-6.766751067127253494e-01 -7.362817395232085227e-01 0.000000000000000000e+00 4.104638099670410156e-01 7.362817395232085227e-01 -6.766751067127253494e-01 0.000000000000000000e+00 -6.534802317619323730e-01 0.000000000000000000e+00 0.000000000000000000e+00 1.000000000000000000e+00 0.000000000000000000e+00
-8.066565001734549156e-01 -5.910205501739452805e-01 0.000000000000000000e+00 6.496270895004272461e-01 5.910205501739452805e-01 -8.066565001734549156e-01 0.000000000000000000e+00 -2.730441689491271973e-01 0.000000000000000000e+00 0.000000000000000000e+00 1.000000000000000000e+00 0.000000000000000000e+00
-8.664014790094384244e-01 -4.993480521342379963e-01 0.000000000000000000e+00 8.694261908531188965e-01 4.993480521342379963e-01 -8.664014790094384244e-01 0.000000000000000000e+00 -1.754456199705600088e-03 0.000000000000000000e+00 0.000000000000000000e+00 1.000000000000000000e+00 0.000000000000000000e+00
9.235970411360201471e-01 3.833647161708921280e-01 0.000000000000000000e+00 1.060540676116943359e+00 -3.833647161708921280e-01 9.235970411360201471e-01 0.000000000000000000e+00 4.292348921298980713e-01 0.000000000000000000e+00 0.000000000000000000e+00 1.000000000000000000e+00 0.000000000000000000e+00
9.519255693051636991e-01 3.063294150143598960e-01 0.000000000000000000e+00 1.136247992515563965e+00 -3.063294150143598960e-01 9.519255693051636991e-01 0.000000000000000000e+00 8.209330439567565918e-01 0.000000000000000000e+00 0.000000000000000000e+00 1.000000000000000000e+00 0.000000000000000000e+00
9.691011549094368238e-01 2.466636405171945268e-01 0.000000000000000000e+00 1.234576821327209473e+00 -2.466636405171945268e-01 9.691011549094368238e-01 0.000000000000000000e+00 1.278613328933715820e+00 0.000000000000000000e+00 0.000000000000000000e+00 1.000000000000000000e+00 0.000000000000000000e+00
9.937385363121583604e-01 1.117305752610678743e-01 0.000000000000000000e+00 1.303033471107482910e+00 -1.117305752610678743e-01 9.937385363121583604e-01 0.000000000000000000e+00 1.858897924423217773e+00 0.000000000000000000e+00 0.000000000000000000e+00 1.000000000000000000e+00 0.000000000000000000e+00
9.895315795319479246e-01 -1.443165032454989949e-01 0.000000000000000000e+00 1.216805338859558105e+00 1.443165032454989949e-01 9.895315795319479246e-01 0.000000000000000000e+00 2.103867292404174805e+00 0.000000000000000000e+00 0.000000000000000000e+00 1.000000000000000000e+00 0.000000000000000000e+00
9.515263696238439595e-01 -3.075671762566153378e-01 0.000000000000000000e+00 1.082735896110534668e+00 3.075671762566153378e-01 9.515263696238439595e-01 0.000000000000000000e+00 2.455190658569335938e+00 0.000000000000000000e+00 0.000000000000000000e+00 1.000000000000000000e+00 0.000000000000000000e+00
8.682946076712099170e-01 -4.960488628039577130e-01 0.000000000000000000e+00 6.970778703689575195e-01 4.960488628039577130e-01 8.682946076712099170e-01 0.000000000000000000e+00 2.899772405624389648e+00 0.000000000000000000e+00 0.000000000000000000e+00 1.000000000000000000e+00 0.000000000000000000e+00
8.272110091863758008e-01 -5.618914007892074070e-01 0.000000000000000000e+00 3.957089781761169434e-01 5.618914007892074070e-01 8.272110091863758008e-01 0.000000000000000000e+00 3.414148807525634766e+00 0.000000000000000000e+00 0.000000000000000000e+00 1.000000000000000000e+00 0.000000000000000000e+00
7.625168638659399756e-01 -6.469683395036046614e-01 0.000000000000000000e+00 2.979783415794372559e-01 6.469683395036046614e-01 7.625168638659399756e-01 0.000000000000000000e+00 3.653549194335937500e+00 0.000000000000000000e+00 0.000000000000000000e+00 1.000000000000000000e+00 0.000000000000000000e+00
-6.786622408767785108e-01 7.344505176035410754e-01 0.000000000000000000e+00 -1.796316206455230713e-01 -7.344505176035410754e-01 -6.786622408767785108e-01 0.000000000000000000e+00 3.915355443954467773e+00 0.000000000000000000e+00 0.000000000000000000e+00 1.000000000000000000e+00 0.000000000000000000e+00
