9.999999988894392455e-01 4.712877487765354474e-05 0.000000000000000000e+00 -8.000000000000000000e+00 -4.712877487765354474e-05 9.999999988894392455e-01 0.000000000000000000e+00 5.000000000000000000e+00 0.000000000000000000e+00 0.000000000000000000e+00 1.000000000000000000e+00 0.000000000000000000e+00
9.972739975875850593e-01 -7.378735484944212719e-02 0.000000000000000000e+00 -8.010364532470703125e+00 7.378735484944212719e-02 9.972739975875850593e-01 0.000000000000000000e+00 4.603760719299316406e+00 0.000000000000000000e+00 0.000000000000000000e+00 1.000000000000000000e+00 0.000000000000000000e+00
9.886790883477537539e-01 -1.500455273037301640e-01 0.000000000000000000e+00 -7.987502574920654297e+00 1.500455273037301640e-01 9.886790883477537539e-01 0.000000000000000000e+00 4.208747863769531250e+00 0.000000000000000000e+00 0.000000000000000000e+00 1.000000000000000000e+00 0.000000000000000000e+00
9.620058305335231763e-01 -2.730289032675961014e-01 0.000000000000000000e+00 -7.898671627044677734e+00 2.730289032675961014e-01 9.620058305335231763e-01 0.000000000000000000e+00 3.876862764358520508e+00 0.000000000000000000e+00 0.000000000000000000e+00 1.000000000000000000e+00 0.000000000000000000e+00
9.289013634672399489e-01 -3.703272295534080216e-01 0.000000000000000000e+00 -7.754498481750488281e+00 3.703272295534080216e-01 9.289013634672399489e-01 0.000000000000000000e+00 3.556980609893798828e+00 0.000000000000000000e+00 0.000000000000000000e+00 1.000000000000000000e+00 0.000000000000000000e+00
8.555272765735048024e-01 -5.177577416502063823e-01 0.000000000000000000e+00 -7.576113700866699219e+00 5.177577416502063823e-01 8.555272765735048024e-01 0.000000000000000000e+00 3.092980861663818359e+00 0.000000000000000000e+00 0.000000000000000000e+00 1.000000000000000000e+00 0.000000000000000000e+00
8.753438414468895923e-01 -4.835009402689952607e-01 0.000000000000000000e+00 -7.158085346221923828e+00 4.835009402689952607e-01 8.753438414468895923e-01 0.000000000000000000e+00 2.716023206710815430e+00 0.000000000000000000e+00 0.000000000000000000e+00 1.000000000000000000e+00 0.000000000000000000e+00
8.660721227595483684e-01 -4.999190716293686609e-01 0.000000000000000000e+00 -6.906827449798583984e+00 4.999190716293686609e-01 8.660721227595483684e-01 0.000000000000000000e+00 2.311873435974121094e+00 0.000000000000000000e+00 0.000000000000000000e+00 1.000000000000000000e+00 0.000000000000000000e+00
7.794521693106231108e-01 -6.264617432509057560e-01 0.000000000000000000e+00 -6.647867202758789062e+00 6.264617432509057560e-01 7.794521693106231108e-01 0.000000000000000000e+00 1.974019527435302734e+00 0.000000000000000000e+00 0.000000000000000000e+00 1.000000000000000000e+00 0.000000000000000000e+00
7.097769278196205400e-01 -7.044265133673924817e-01 0.000000000000000000e+00 -6.357091426849365234e+00 7.044265133673924817e-01 7.097769278196205400e-01 0.000000000000000000e+00 1.573459744453430176e+00 0.000000000000000000e+00 0.000000000000000000e+00 1.000000000000000000e+00 0.000000000000000000e+00
6.734194221761993226e-01 -7.392606318720575942e-01 0.000000000000000000e+00 -5.958840370178222656e+00 7.392606318720575942e-01 6.734194221761993226e-01 0.000000000000000000e+00 1.337514042854309082e+00 0.000000000000000000e+00 0.000000000000000000e+00 1.000000000000000000e+00 0.000000000000000000e+00
7.679506375718360145e-01 -6.405090305788128102e-01 0.000000000000000000e+00 -5.715736865997314453e+00 6.405090305788128102e-01 7.679506375718360145e-01 0.000000000000000000e+00 1.017667889595031738e+00 0.000000000000000000e+00 0.000000000000000000e+00 1.000000000000000000e+00 0.000000000000000000e+00
7.441657150954971156e-01 -6.679950512364648540e-01 0.000000000000000000e+00 -5.374449729919433594e+00 6.679950512364648540e-01 7.441657150954971156e-01 0.000000000000000000e+00 7.446784973144531250e-01 0.000000000000000000e+00 0.000000000000000000e+00 1.000000000000000000e+00 0.000000000000000000e+00
6.990068918840620649e-01 -7.151149313911597805e-01 0.000000000000000000e+00 -5.109658241271972656e+00 7.151149313911597805e-01 6.990068918840620649e-01 0.000000000000000000e+00 2.137711346149444580e-01 0.000000000000000000e+00 0.000000000000000000e+00 1.000000000000000000e+00 0.000000000000000000e+00
5.482352128559714322e-01 -8.363241903620675100e-01 0.000000000000000000e+00 -4.773296356201171875e+00 8.363241903620675100e-01 5.482352128559714322e-01 0.000000000000000000e+00 9.193924814462661743e-02 0.000000000000000000e+00 0.000000000000000000e+00 1.000000000000000000e+00 0.000000000000000000e+00
5.451414999818818830e-01 -8.383440493004670202e-01 0.000000000000000000e+00 -4.365177154541015625e+00 8.383440493004670202e-01 5.451414999818818830e-01 0.000000000000000000e+00 -1.974887400865554810e-01 0.000000000000000000e+00 0.000000000000000000e+00 1.000000000000000000e+00 0.000000000000000000e+00
4.398906944057163204e-01 -8.980513220163180987e-01 0.000000000000000000e+00 -4.174864768981933594e+00 8.980513220163180987e-01 4.398906944057163204e-01 0.000000000000000000e+00 -4.298419952392578125e-01 0.000000000000000000e+00 0.000000000000000000e+00 1.000000000000000000e+00 0.000000000000000000e+00
4.141561409316930065e-01 -9.102058508538426462e-01 0.000000000000000000e+00 -3.589451074600219727e+00 9.102058508538426462e-01 4.141561409316930065e-01 0.000000000000000000e+00 -6.029295921325683594e-01 0.000000000000000000e+00 0.000000000000000000e+00 1.000000000000000000e+00 0.000000000000000000e+00
4.766447105456653732e-01 -8.790960242822389858e-01 0.000000000000000000e+00 -3.232888460159301758e+00 8.790960242822389858e-01 4.766447105456653732e-01 0.000000000000000000e+00 -9.012171030044555664e-01 0.000000000000000000e+00 0.000000000000000000e+00 1.000000000000000000e+00 0.000000000000000000e+00
4.656918091874175936e-01 -8.849469695161116256e-01 0.000000000000000000e+00 -2.874027729034423828e+00 8.849469695161116256e-01 4.656918091874175936e-01 0.000000000000000000e+00 -8.933930993080139160e-01 0.000000000000000000e+00 0.000000000000000000e+00 1.000000000000000000e+00 0.000000000000000000e+00
3.410952574228292566e-01 -9.400287364563137960e-01 0.000000000000000000e+00 -2.950854301452636719e+00 9.400287364563137960e-01 3.410952574228292566e-01 0.000000000000000000e+00 -1.014364480972290039e+00 0.000000000000000000e+00 0.000000000000000000e+00 1.000000000000000000e+00 0.000000000000000000e+00
2.302183228029659745e-01 -9.731390054076495266e-01 0.000000000000000000e+00 -2.659409523010253906e+00 9.731390054076495266e-01 2.302183228029659745e-01 0.000000000000000000e+00 -9.988603591918945312e-01 0.000000000000000000e+00 0.000000000000000000e+00 1.000000000000000000e+00 0.000000000000000000e+00
1.055216346515577552e-01 -9.944170074070852738e-01 0.000000000000000000e+00 -2.169573783874511719e+00 9.944170074070852738e-01 1.055216346515577552e-01 0.000000000000000000e+00 -9.963436722755432129e-01 0.000000000000000000e+00 0.000000000000000000e+00 1.000000000000000000e+00 0.000000000000000000e+00
-1.124302178193373886e-01 -9.936596228694695165e-01 0.000000000000000000e+00 -1.755882978439331055e+00 9.936596228694695165e-01 -1.124302178193373886e-01 0.000000000000000000e+00 -8.999861478805541992e-01 0.000000000000000000e+00 0.000000000000000000e+00 1.000000000000000000e+00 0.000000000000000000e+00
-2.721116104786921452e-01 -9.622656969063650978e-01 0.000000000000000000e+00 -1.321842908859252930e+00 9.622656969063650978e-01 -2.721116104786921452e-01 0.000000000000000000e+00 -8.174366354942321777e-01 0.000000000000000000e+00 0.000000000000000000e+00 1.000000000000000000e+00 0.000000000000000000e+00
-4.078750682376395820e-01 -9.130377476918141166e-01 0.000000000000000000e+00 -1.013074994087219238e+00 9.130377476918141166e-01 -4.078750682376395820e-01 0.000000000000000000e+00 -6.204574704170227051e-01 0.000000000000000000e+00 0.000000000000000000e+00 1.000000000000000000e+00 0.000000000000000000e+00
-5.571095251102378132e-01 -8.304390266789279940e-01 0.000000000000000000e+00 -8.435107469558715820e-01 8.304390266789279940e-01 -5.571095251102378132e-01 0.000000000000000000e+00 -3.728461861610412598e-01 0.000000000000000000e+00 0.000000000000000000e+00 1.000000000000000000e+00 0.000000000000000000e+00
-6.401252655989215778e-01 -7.682705541291492413e-01 0.000000000000000000e+00 -6.795698404312133789e-01 7.682705541291492413e-01 -6.401252655989215778e-01 0.000000000000000000e+00 -1.636374443769454956e-01 0.000000000000000000e+00 0.000000000000000000e+00 1.000000000000000000e+00 0.000000000000000000e+00
-7.932890265337653180e-01 -6.088452351633467652e-01 0.000000000000000000e+00 -4.281097948551177979e-01 6.088452351633467652e-01 -7.932890265337653180e-01 0.000000000000000000e+00 1.868834495544433594e-01 0.000000000000000000e+00 0.000000000000000000e+00 1.000000000000000000e+00 0.000000000000000000e+00
-8.931526638489744041e-01 -4.497536203961908230e-01 0.000000000000000000e+00 -1.049358770251274109e-01 4.497536203961908230e-01 -8.931526638489744041e-01 0.000000000000000000e+00 5.905898809432983398e-01 0.000000000000000000e+00 0.000000000000000000e+00 1.000000000000000000e+00 0.000000000000000000e+00
9.242232393149880654e-01 3.818525944786944626e-01 0.000000000000000000e+00 2.630536817014217030e-02 -3.818525944786944626e-01 9.242232393149880654e-01 0.000000000000000000e+00 9.086211919784545898e-01 0.000000000000000000e+00 0.000000000000000000e+00 1.000000000000000000e+00 0.000000000000000000e+00
9.570632517626223024e-01 2.898791681469289894e-01 0.000000000000000000e+00 1.459125280380249023e-01 -2.898791681469289894e-01 9.570632517626223024e-01 0.000000000000000000e+00 1.424705862998962402e+00 0.000000000000000000e+00 0.000000000000000000e+00 1.000000000000000000e+00 0.000000000000000000e+00
9.721157687215730148e-01 2.345014545858196686e-01 0.000000000000000000e+00 2.271963953971862793e-01 -2.345014545858196686e-01 9.721157687215730148e-01 0.000000000000000000e+00 1.821551203727722168e+00 0.000000000000000000e+00 0.000000000000000000e+00 1.000000000000000000e+00 0.000000000000000000e+00
9.999897144708383978e-01 4.535521197283301498e-03 0.000000000000000000e+00 3.637731969356536865e-01 -4.535521197283301498e-03 9.999897144708383978e-01 0.000000000000000000e+00 2.058659553527832031e+00 0.000000000000000000e+00 0.000000000000000000e+00 1.000000000000000000e+00 0.000000000000000000e+00
9.801298150319188718e-01 -1.983571165486546217e-01 0.000000000000000000e+00 1.484032422304153442e-01 1.983571165486546217e-01 9.801298150319188718e-01 0.000000000000000000e+00 2.499103546142578125e+00 0.000000000000000000e+00 0.000000000000000000e+00 1.000000000000000000e+00 0.000000000000000000e+00
9.380992113257748954e-01 -3.463666694558804604e-01 0.000000000000000000e+00 -1.179912500083447023e-02 3.463666694558804604e-01 9.380992113257748954e-01 0.000000000000000000e+00 2.960198402404785156e+00 0.000000000000000000e+00 0.000000000000000000e+00 1.000000000000000000e+00 0.000000000000000000e+00
8.656595202608697859e-01 -5.006331940470195585e-01 0.000000000000000000e+00 -2.739841938018798828e-01 5.006331940470195585e-01 8.656595202608697859e-01 0.000000000000000000e+00 3.251076936721801758e+00 0.000000000000000000e+00 0.000000000000000000e+00 1.000000000000000000e+00 0.000000000000000000e+00
7.716738118229097276e-01 -6.360184967017080693e-01 0.000000000000000000e+00 -4.191435575485229492e-01 6.360184967017080693e-01 7.716738118229097276e-01 0.000000000000000000e+00 3.695550918579101562e+00 0.000000000000000000e+00 0.000000000000000000e+00 1.000000000000000000e+00 0.000000000000000000e+00
7.657430776066230793e-01 -6.431465922303695182e-01 0.000000000000000000e+00 -5.972895622253417969e-01 6.431465922303695182e-01 7.657430776066230793e-01 0.000000000000000000e+00 4.092800617218017578e+00 0.000000000000000000e+00 0.000000000000000000e+00 1.000000000000000000e+00 0.000000000000000000e+00
7.496143609490460991e-01 -6.618748445582088857e-01 0.000000000000000000e+00 -9.284562468528747559e-01 6.618748445582088857e-01 7.496143609490460991e-01 0.000000000000000000e+00 4.552007675170898438e+00 0.000000000000000000e+00 0.000000000000000000e+00 1.000000000000000000e+00 0.000000000000000000e+00
-7.606103420122946046e-01 6.492086780257486645e-01 0.000000000000000000e+00 -8.405333757400512695e-01 -6.492086780257486645e-01 -7.606103420122946046e-01 0.000000000000000000e+00 4.410356044769287109e+00 0.000000000000000000e+00 0.000000000000000000e+00 1.000000000000000000e+00 0.000000000000000000e+00
6.355559085320353629e-01 -7.720548472291454134e-01 0.000000000000000000e+00 -1.412301301956176758e+00 7.720548472291454134e-01 6.355559085320353629e-01 0.000000000000000000e+00 4.872227668762207031e+00 0.000000000000000000e+00 0.000000000000000000e+00 1.000000000000000000e+00 0.000000000000000000e+00
4.787123282793809831e-01 -8.779718143273929076e-01 0.000000000000000000e+00 -1.792827963829040527e+00 8.779718143273929076e-01 4.787123282793809831e-01 0.000000000000000000e+00 5.097351551055908203e+00 0.000000000000000000e+00 0.000000000000000000e+00 1.000000000000000000e+00 0.000000000000000000e+00
3.854937814512509608e-01 -9.227104337019361724e-01 0.000000000000000000e+00 -2.226644277572631836e+00 9.227104337019361724e-01 3.854937814512509608e-01 0.000000000000000000e+00 5.451412200927734375e+00 0.000000000000000000e+00 0.000000000000000000e+00 1.000000000000000000e+00 0.000000000000000000e+00
2.793218180021079800e-01 -9.601975432107693331e-01 0.000000000000000000e+00 -2.688345432281494141e+00 9.601975432107693331e-01 2.793218180021079800e-01 0.000000000000000000e+00 5.738218307495117188e+00 0.000000000000000000e+00 0.000000000000000000e+00 1.000000000000000000e+00 0.000000000000000000e+00
2.164202633019104427e-01 -9.763002968515024360e-01 0.000000000000000000e+00 -3.172723770141601562e+00 9.763002968515024360e-01 2.164202633019104427e-01 0.000000000000000000e+00 5.793222427368164062e+00 0.000000000000000000e+00 0.000000000000000000e+00 1.000000000000000000e+00 0.000000000000000000e+00
1.852891439602664392e-01 -9.826840454237931732e-01 0.000000000000000000e+00 -3.556126117706298828e+00 9.826840454237931732e-01 1.852891439602664392e-01 0.000000000000000000e+00 5.836337566375732422e+00 0.000000000000000000e+00 0.000000000000000000e+00 1.000000000000000000e+00 0.000000000000000000e+00
5.940277244808999518e-02 -9.982340961044561256e-01 0.000000000000000000e+00 -4.065680503845214844e+00 9.982340961044561256e-01 5.940277244808999518e-02 0.000000000000000000e+00 6.150191307067871094e+00 0.000000000000000000e+00 0.000000000000000000e+00 1.000000000000000000e+00 0.000000000000000000e+00
-6.915955772691129155e-02 -9.976056112387390318e-01 0.000000000000000000e+00 -4.538412094116210938e+00 9.976056112387390318e-01 -6.915955772691129155e-02 0.000000000000000000e+00 6.132038116455078125e+00 0.000000000000000000e+00 0.000000000000000000e+00 1.000000000000000000e+00 0.000000000000000000e+00
-9.834008827690150778e-02 -9.951528661656414698e-01 0.000000000000000000e+00 -5.114421844482421875e+00 9.951528661656414698e-01 -9.834008827690150778e-02 0.000000000000000000e+00 6.127391815185546875e+00 0.000000000000000000e+00 0.000000000000000000e+00 1.000000000000000000e+00 0.000000000000000000e+00
-1.830516401555037920e-01 -9.831032992704173967e-01 0.000000000000000000e+00 -5.560068130493164062e+00 9.831032992704173967e-01 -1.830516401555037920e-01 0.000000000000000000e+00 6.173675060272216797e+00 0.000000000000000000e+00 0.000000000000000000e+00 1.000000000000000000e+00 0.000000000000000000e+00
-1.561990287575770464e-01 -9.877256012755717407e-01 0.000000000000000000e+00 -6.002394676208496094e+00 9.877256012755717407e-01 -1.561990287575770464e-01 0.000000000000000000e+00 6.013360500335693359e+00 0.000000000000000000e+00 0.000000000000000000e+00 1.000000000000000000e+00 0.000000000000000000e+00
-3.494541101030689267e-01 -9.369534806659678416e-01 0.000000000000000000e+00 -6.465176582336425781e+00 9.369534806659678416e-01 -3.494541101030689267e-01 0.000000000000000000e+00 5.990007877349853516e+00 0.000000000000000000e+00 0.000000000000000000e+00 1.000000000000000000e+00 0.000000000000000000e+00
-3.996344368065036234e-01 -9.166745970726736248e-01 0.000000000000000000e+00 -6.753084659576416016e+00 9.166745970726736248e-01 -3.996344368065036234e-01 0.000000000000000000e+00 6.018475532531738281e+00 0.000000000000000000e+00 0.000000000000000000e+00 1.000000000000000000e+00 0.000000000000000000e+00
-4.991233567219482414e-01 -8.665309427681245902e-01 0.000000000000000000e+00 -7.066154479980468750e+00 8.665309427681245902e-01 -4.991233567219482414e-01 0.000000000000000000e+00 5.774093627929687500e+00 0.000000000000000000e+00 0.000000000000000000e+00 1.000000000000000000e+00 0.000000000000000000e+00
-5.836686706857139306e-01 -8.119919229031602459e-01 0.000000000000000000e+00 -7.600565433502197266e+00 8.119919229031602459e-01 -5.836686706857139306e-01 0.000000000000000000e+00 5.701013565063476562e+00 0.000000000000000000e+00 0.000000000000000000e+00 1.000000000000000000e+00 0.000000000000000000e+00
-6.817053876918611754e-01 -7.316267931069018182e-01 0.000000000000000000e+00 -8.077635765075683594e+00 7.316267931069018182e-01 -6.817053876918611754e-01 0.000000000000000000e+00 5.384369850158691406e+00 0.000000000000000000e+00 0.000000000000000000e+00 1.000000000000000000e+00 0.000000000000000000e+00
-7.436238800879427790e-01 -6.685981790006257919e-01 0.000000000000000000e+00 -8.297116279602050781e+00 6.685981790006257919e-01 -7.436238800879427790e-01 0.000000000000000000e+00 5.072731018066406250e+00 0.000000000000000000e+00 0.000000000000000000e+00 1.000000000000000000e+00 0.000000000000000000e+00
-9.486934962287719708e-01 -3.161971698374750339e-01 0.000000000000000000e+00 -8.633368492126464844e+00 3.161971698374750339e-01 -9.486934962287719708e-01 0.000000000000000000e+00 4.666485309600830078e+00 0.000000000000000000e+00 0.000000000000000000e+00 1.000000000000000000e+00 0.000000000000000000e+00
-9.761996610901697569e-01 -2.168737459616483787e-01 0.000000000000000000e+00 -8.779467582702636719e+00 2.168737459616483787e-01 -9.761996610901697569e-01 0.000000000000000000e+00 4.316398620605468750e+00 0.000000000000000000e+00 0.000000000000000000e+00 1.000000000000000000e+00 0.000000000000000000e+00
1.510905762349414039e-01 -9.885199228002404803e-01 0.000000000000000000e+00 -8.673230171203613281e+00 9.885199228002404803e-01 1.510905762349414039e-01 0.000000000000000000e+00 4.408555030822753906e+00 0.000000000000000000e+00 0.000000000000000000e+00 1.000000000000000000e+00 0.000000000000000000e+00
-9.699824816952694606e-01 2.431748038022983616e-01 0.000000000000000000e+00 -8.590321540832519531e+00 -2.431748038022983616e-01 -9.699824816952694606e-01 0.000000000000000000e+00 4.024965763092041016e+00 0.000000000000000000e+00 0.000000000000000000e+00 1.000000000000000000e+00 0.000000000000000000e+00
-8.420993925230657595e-01 5.393223647432801027e-01 0.000000000000000000e+00 -8.519342422485351562e+00 -5.393223647432801027e-01 -8.420993925230657595e-01 0.000000000000000000e+00 3.672812938690185547e+00 0.000000000000000000e+00 0.000000000000000000e+00 1.000000000000000000e+00 0.000000000000000000e+00
-6.419928014339655320e-01 7.667106644014864969e-01 0.000000000000000000e+00 -8.242723464965820312e+00 -7.667106644014864969e-01 -6.419928014339655320e-01 0.000000000000000000e+00 3.261823415756225586e+00 0.000000000000000000e+00 0.000000000000000000e+00 1.000000000000000000e+00 0.000000000000000000e+00
-3.173482958485406846e-01 9.483090525361587142e-01 0.000000000000000000e+00 -7.800204753875732422e+00 -9.483090525361587142e-01 -3.173482958485406846e-01 0.000000000000000000e+00 3.066173076629638672e+00 0.000000000000000000e+00 0.000000000000000000e+00 1.000000000000000000e+00 0.000000000000000000e+00
-3.112616382177082683e-02 9.995154635750965744e-01 0.000000000000000000e+00 -7.308624744415283203e+00 -9.995154635750965744e-01 -3.112616382177082683e-02 0.000000000000000000e+00 3.149359226226806641e+00 0.000000000000000000e+00 0.000000000000000000e+00 1.000000000000000000e+00 0.000000000000000000e+00
1.441486283956591175e-01 9.895560484033485427e-01 0.000000000000000000e+00 -6.672502517700195312e+00 -9.895560484033485427e-01 1.441486283956591175e-01 0.000000000000000000e+00 3.168828487396240234e+00 0.000000000000000000e+00 0.000000000000000000e+00 1.000000000000000000e+00 0.000000000000000000e+00
3.792648737472036347e-01 9.252881473041345561e-01 0.000000000000000000e+00 -6.163236141204833984e+00 -9.252881473041345561e-01 3.792648737472036347e-01 0.000000000000000000e+00 3.342003583908081055e+00 0.000000000000000000e+00 0.000000000000000000e+00 1.000000000000000000e+00 0.000000000000000000e+00
6.637142303797539666e-01 7.479862434506471258e-01 0.000000000000000000e+00 -5.999652385711669922e+00 -7.479862434506471258e-01 6.637142303797539666e-01 0.000000000000000000e+00 3.660568952560424805e+00 0.000000000000000000e+00 0.000000000000000000e+00 1.000000000000000000e+00 0.000000000000000000e+00
8.809692783856907239e-01 4.731734677056559368e-01 0.000000000000000000e+00 -5.814054012298583984e+00 -4.731734677056559368e-01 8.809692783856907239e-01 0.000000000000000000e+00 4.115956783294677734e+00 0.000000000000000000e+00 0.000000000000000000e+00 1.000000000000000000e+00 0.000000000000000000e+00
-9.926628042543654828e-01 -1.209154954911046825e-01 0.000000000000000000e+00 -5.609510421752929688e+00 1.209154954911046825e-01 -9.926628042543654828e-01 0.000000000000000000e+00 4.532555103302001953e+00 0.000000000000000000e+00 0.000000000000000000e+00 1.000000000000000000e+00 0.000000000000000000e+00
-9.917270491232376139e-01 1.283645591170529121e-01 0.000000000000000000e+00 -5.744686603546142578e+00 -1.283645591170529121e-01 -9.917270491232376139e-01 0.000000000000000000e+00 5.223868370056152344e+00 0.000000000000000000e+00 0.000000000000000000e+00 1.000000000000000000e+00 0.000000000000000000e+00
-8.848111630895523216e-01 4.659497887885707956e-01 0.000000000000000000e+00 -5.984848976135253906e+00 -4.659497887885707956e-01 -8.848111630895523216e-01 0.000000000000000000e+00 5.628414154052734375e+00 0.000000000000000000e+00 0.000000000000000000e+00 1.000000000000000000e+00 0.000000000000000000e+00
-7.160030364562990357e-01 6.980971650030958209e-01 0.000000000000000000e+00 -6.141213893890380859e+00 -6.980971650030958209e-01 -7.160030364562990357e-01 0.000000000000000000e+00 6.133651733398437500e+00 0.000000000000000000e+00 0.000000000000000000e+00 1.000000000000000000e+00 0.000000000000000000e+00
-4.875555184030671008e-01 8.730919862618810035e-01 0.000000000000000000e+00 -6.465740203857421875e+00 -8.730919862618810035e-01 -4.875555184030671008e-01 0.000000000000000000e+00 6.346615314483642578e+00 0.000000000000000000e+00 0.000000000000000000e+00 1.000000000000000000e+00 0.000000000000000000e+00
-1.176799020360435460e-01 9.930515800585522079e-01 0.000000000000000000e+00 -6.974651813507080078e+00 -9.930515800585522079e-01 -1.176799020360435460e-01 0.000000000000000000e+00 6.539515018463134766e+00 0.000000000000000000e+00 0.000000000000000000e+00 1.000000000000000000e+00 0.000000000000000000e+00
1.640107149840137335e-01 9.864585573507042016e-01 0.000000000000000000e+00 -7.355865478515625000e+00 -9.864585573507042016e-01 1.640107149840137335e-01 0.000000000000000000e+00 6.638892650604248047e+00 0.000000000000000000e+00 0.000000000000000000e+00 1.000000000000000000e+00 0.000000000000000000e+00
6.658472032600127877e-01 7.460881328039061788e-01 0.000000000000000000e+00 -7.763911247253417969e+00 -7.460881328039061788e-01 6.658472032600127877e-01 0.000000000000000000e+00 6.494001865386962891e+00 0.000000000000000000e+00 0.000000000000000000e+00 1.000000000000000000e+00 0.000000000000000000e+00
8.648531368136845865e-01 5.020249513156992416e-01 0.000000000000000000e+00 -8.103073120117187500e+00 -5.020249513156992416e-01 8.648531368136845865e-01 0.000000000000000000e+00 6.264802932739257812e+00 0.000000000000000000e+00 0.000000000000000000e+00 1.000000000000000000e+00 0.000000000000000000e+00
9.483762138579091561e-01 3.171475318972817870e-01 0.000000000000000000e+00 -8.199382781982421875e+00 -3.171475318972817870e-01 9.483762138579091561e-01 0.000000000000000000e+00 5.910350799560546875e+00 0.000000000000000000e+00 0.000000000000000000e+00 1.000000000000000000e+00 0.000000000000000000e+00
9.996831419998909452e-01 2.517172225386797232e-02 0.000000000000000000e+00 -8.196261405944824219e+00 -2.517172225386797232e-02 9.996831419998909452e-01 0.000000000000000000e+00 5.930809020996093750e+00 0.000000000000000000e+00 0.000000000000000000e+00 1.000000000000000000e+00 0.000000000000000000e+00
9.988769552141054664e-01 4.737961948135474555e-02 0.000000000000000000e+00 -8.231759071350097656e+00 -4.737961948135474555e-02 9.988769552141054664e-01 0.000000000000000000e+00 5.418956279754638672e+00 0.000000000000000000e+00 0.000000000000000000e+00 1.000000000000000000e+00 0.000000000000000000e+00
9.936969046112459347e-01 -1.121002308919495233e-01 0.000000000000000000e+00 -8.309077262878417969e+00 1.121002308919495233e-01 9.936969046112459347e-01 0.000000000000000000e+00 4.899084091186523438e+00 0.000000000000000000e+00 0.000000000000000000e+00 1.000000000000000000e+00 0.000000000000000000e+00
9.564641846039821926e-01 -2.918497277193169426e-01 0.000000000000000000e+00 -8.213781356811523438e+00 2.918497277193169426e-01 9.564641846039821926e-01 0.000000000000000000e+00 4.394598484039306641e+00 0.000000000000000000e+00 0.000000000000000000e+00 1.000000000000000000e+00 0.000000000000000000e+00
9.132880842475354921e-01 -4.073142216661069792e-01 0.000000000000000000e+00 -8.103933334350585938e+00 4.073142216661069792e-01 9.132880842475354921e-01 0.000000000000000000e+00 3.997371435165405273e+00 0.000000000000000000e+00 0.000000000000000000e+00 1.000000000000000000e+00 0.000000000000000000e+00
8.532657275123552987e-01 -5.214763640404145306e-01 0.000000000000000000e+00 -7.861110687255859375e+00 5.214763640404145306e-01 8.532657275123552987e-01 0.000000000000000000e+00 3.465469598770141602e+00 0.000000000000000000e+00 0.000000000000000000e+00 1.000000000000000000e+00 0.000000000000000000e+00
8.758569291742598351e-01 -4.825708648659133293e-01 0.000000000000000000e+00 -7.535149097442626953e+00 4.825708648659133293e-01 8.758569291742598351e-01 0.000000000000000000e+00 2.933840513229370117e+00 0.000000000000000000e+00 0.000000000000000000e+00 1.000000000000000000e+00 0.000000000000000000e+00
8.430599139037017187e-01 -5.378196552457739088e-01 0.000000000000000000e+00 -7.130277633666992188e+00 5.378196552457739088e-01 8.430599139037017187e-01 0.000000000000000000e+00 2.354473829269409180e+00 0.000000000000000000e+00 0.000000000000000000e+00 1.000000000000000000e+00 0.000000000000000000e+00
7.826153867724440216e-01 -6.225055472740927964e-01 0.000000000000000000e+00 -6.880125045776367188e+00 6.225055472740927964e-01 7.826153867724440216e-01 0.000000000000000000e+00 1.993626356124877930e+00 0.000000000000000000e+00 0.000000000000000000e+00 1.000000000000000000e+00 0.000000000000000000e+00
6.515674422872957949e-01 -7.585907118803864035e-01 0.000000000000000000e+00 -6.515324592590332031e+00 7.585907118803864035e-01 6.515674422872957949e-01 0.000000000000000000e+00 1.561730980873107910e+00 0.000000000000000000e+00 0.000000000000000000e+00 1.000000000000000000e+00 0.000000000000000000e+00
6.875490222070798074e-01 -7.261379635180138514e-01 0.000000000000000000e+00 -6.054097175598144531e+00 7.261379635180138514e-01 6.875490222070798074e-01 0.000000000000000000e+00 1.132589340209960938e+00 0.000000000000000000e+00 0.000000000000000000e+00 1.000000000000000000e+00 0.000000000000000000e+00
7.443790489701517243e-01 -6.677573147890575322e-01 0.000000000000000000e+00 -5.682221889495849609e+00 6.677573147890575322e-01 7.443790489701517243e-01 0.000000000000000000e+00 8.716006278991699219e-01 0.000000000000000000e+00 0.000000000000000000e+00 1.000000000000000000e+00 0.000000000000000000e+00
7.282697492068457290e-01 -6.852905751505692367e-01 0.000000000000000000e+00 -5.347710609436035156e+00 6.852905751505692367e-01 7.282697492068457290e-01 0.000000000000000000e+00 4.241056442260742188e-01 0.000000000000000000e+00 0.000000000000000000e+00 1.000000000000000000e+00 0.000000000000000000e+00
6.254823248814296299e-01 -7.802383361902449632e-01 0.000000000000000000e+00 -5.020263195037841797e+00 7.802383361902449632e-01 6.254823248814296299e-01 0.000000000000000000e+00 1.389034390449523926e-01 0.000000000000000000e+00 0.000000000000000000e+00 1.000000000000000000e+00 0.000000000000000000e+00
5.549194114060571614e-01 -8.319041091644848729e-01 0.000000000000000000e+00 -4.534197330474853516e+00 8.319041091644848729e-01 5.549194114060571614e-01 0.000000000000000000e+00 -2.735030651092529297e-01 0.000000000000000000e+00 0.000000000000000000e+00 1.000000000000000000e+00 0.000000000000000000e+00
3.576584987649942815e-01 -9.338524499411942070e-01 0.000000000000000000e+00 -4.205107688903808594e+00 9.338524499411942070e-01 3.576584987649942815e-01 0.000000000000000000e+00 -7.342302203178405762e-01 0.000000000000000000e+00 0.000000000000000000e+00 1.000000000000000000e+00 0.000000000000000000e+00
4.141799033839815292e-01 -9.101950382378689586e-01 0.000000000000000000e+00 -3.686191320419311523e+00 9.101950382378689586e-01 4.141799033839815292e-01 0.000000000000000000e+00 -9.085443019866943359e-01 0.000000000000000000e+00 0.000000000000000000e+00 1.000000000000000000e+00 0.000000000000000000e+00
5.631413590277118963e-01 -8.263605809526624046e-01 0.000000000000000000e+00 -3.173079967498779297e+00 8.263605809526624046e-01 5.631413590277118963e-01 0.000000000000000000e+00 -1.106941819190979004e+00 0.000000000000000000e+00 0.000000000000000000e+00 1.000000000000000000e+00 0.000000000000000000e+00
4.702593623913917664e-01 -8.825282613510129215e-01 0.000000000000000000e+00 -2.581832170486450195e+00 8.825282613510129215e-01 4.702593623913917664e-01 0.000000000000000000e+00 -1.481645584106445312e+00 0.000000000000000000e+00 0.000000000000000000e+00 1.000000000000000000e+00 0.000000000000000000e+00
4.458263694970993063e-01 -8.951194603297573105e-01 0.000000000000000000e+00 -2.115264892578125000e+00 8.951194603297573105e-01 4.458263694970993063e-01 0.000000000000000000e+00 -1.510226368904113770e+00 0.000000000000000000e+00 0.000000000000000000e+00 1.000000000000000000e+00 0.000000000000000000e+00
3.325384958269835267e-01 -9.430896822641668953e-01 0.000000000000000000e+00 -2.137363910675048828e+00 9.430896822641668953e-01 3.325384958269835267e-01 0.000000000000000000e+00 -1.569005012512207031e+00 0.000000000000000000e+00 0.000000000000000000e+00 1.000000000000000000e+00 0.000000000000000000e+00
2.570013553412394680e-01 -9.664110426483991656e-01 0.000000000000000000e+00 -1.659344673156738281e+00 9.664110426483991656e-01 2.570013553412394680e-01 0.000000000000000000e+00 -1.639557003974914551e+00 0.000000000000000000e+00 0.000000000000000000e+00 1.000000000000000000e+00 0.000000000000000000e+00
1.267171057922589772e-01 -9.919388968578828347e-01 0.000000000000000000e+00 -1.264372825622558594e+00 9.919388968578828347e-01 1.267171057922589772e-01 0.000000000000000000e+00 -1.503986120223999023e+00 0.000000000000000000e+00 0.000000000000000000e+00 1.000000000000000000e+00 0.000000000000000000e+00
-5.939221328395573318e-02 -9.982347244016475107e-01 0.000000000000000000e+00 -8.273757696151733398e-01 9.982347244016475107e-01 -5.939221328395573318e-02 0.000000000000000000e+00 -1.369859695434570312e+00 0.000000000000000000e+00 0.000000000000000000e+00 1.000000000000000000e+00 0.000000000000000000e+00
-2.679647054454472599e-01 -9.634287294011605329e-01 0.000000000000000000e+00 -3.416255414485931396e-01 9.634287294011605329e-01 -2.679647054454472599e-01 0.000000000000000000e+00 -1.304319024085998535e+00 0.000000000000000000e+00 0.000000000000000000e+00 1.000000000000000000e+00 0.000000000000000000e+00
-4.188068391151353875e-01 -9.080753446220137803e-01 0.000000000000000000e+00 -1.078420877456665039e-01 9.080753446220137803e-01 -4.188068391151353875e-01 0.000000000000000000e+00 -1.033240437507629395e+00 0.000000000000000000e+00 0.000000000000000000e+00 1.000000000000000000e+00 0.000000000000000000e+00
-5.400660250496285286e-01 -8.416226521352035972e-01 0.000000000000000000e+00 1.711556464433670044e-01 8.416226521352035972e-01 -5.400660250496285286e-01 0.000000000000000000e+00 -7.925898432731628418e-01 0.000000000000000000e+00 0.000000000000000000e+00 1.000000000000000000e+00 0.000000000000000000e+00
-6.800849316999894034e-01 -7.331333341723187402e-01 0.000000000000000000e+00 4.276699125766754150e-01 7.331333341723187402e-01 -6.800849316999894034e-01 0.000000000000000000e+00 -6.255195736885070801e-01 0.000000000000000000e+00 0.000000000000000000e+00 1.000000000000000000e+00 0.000000000000000000e+00
-8.062779908153535624e-01 -5.915368133318134047e-01 0.000000000000000000e+00 6.631451249122619629e-01 5.915368133318134047e-01 -8.062779908153535624e-01 0.000000000000000000e+00 -2.400781810283660889e-01 0.000000000000000000e+00 0.000000000000000000e+00 1.000000000000000000e+00 0.000000000000000000e+00
-8.665313374514632683e-01 -4.991226715092977329e-01 0.000000000000000000e+00 8.848983645439147949e-01 4.991226715092977329e-01 -8.665313374514632683e-01 0.000000000000000000e+00 3.127949312329292297e-02 0.000000000000000000e+00 0.000000000000000000e+00 1.000000000000000000e+00 0.000000000000000000e+00
9.243187917709680956e-01 3.816212404715672024e-01 0.000000000000000000e+00 1.077687740325927734e+00 -3.816212404715672024e-01 9.243187917709680956e-01 0.000000000000000000e+00 4.625031650066375732e-01 0.000000000000000000e+00 0.000000000000000000e+00 1.000000000000000000e+00 0.000000000000000000e+00
9.533635973580786294e-01 3.018242058425124053e-01 0.000000000000000000e+00 1.150603294372558594e+00 -3.018242058425124053e-01 9.533635973580786294e-01 0.000000000000000000e+00 8.512047529220581055e-01 0.000000000000000000e+00 0.000000000000000000e+00 1.000000000000000000e+00 0.000000000000000000e+00
9.707559444800539783e-01 2.400685240856000602e-01 0.000000000000000000e+00 1.244564771652221680e+00 -2.400685240856000602e-01 9.707559444800539783e-01 0.000000000000000000e+00 1.306255817413330078e+00 0.000000000000000000e+00 0.000000000000000000e+00 1.000000000000000000e+00 0.000000000000000000e+00
9.946835063178435243e-01 1.029792321744559674e-01 0.000000000000000000e+00 1.308925151824951172e+00 -1.029792321744559674e-01 9.946835063178435243e-01 0.000000000000000000e+00 1.887733221054077148e+00 0.000000000000000000e+00 0.000000000000000000e+00 1.000000000000000000e+00 0.000000000000000000e+00
9.879059679528566784e-01 -1.550541791862742602e-01 0.000000000000000000e+00 1.220427513122558594e+00 1.550541791862742602e-01 9.879059679528566784e-01 0.000000000000000000e+00 2.132609367370605469e+00 0.000000000000000000e+00 0.000000000000000000e+00 1.000000000000000000e+00 0.000000000000000000e+00
9.501000796868738218e-01 -3.119452493291027251e-01 0.000000000000000000e+00 1.088757991790771484e+00 3.119452493291027251e-01 9.501000796868738218e-01 0.000000000000000000e+00 2.483289718627929688e+00 0.000000000000000000e+00 0.000000000000000000e+00 1.000000000000000000e+00 0.000000000000000000e+00
8.674552974381418702e-01 -4.975151323794129166e-01 0.000000000000000000e+00 7.071477174758911133e-01 4.975151323794129166e-01 8.674552974381418702e-01 0.000000000000000000e+00 2.927604675292968750e+00 0.000000000000000000e+00 0.000000000000000000e+00 1.000000000000000000e+00 0.000000000000000000e+00
8.266874825193694099e-01 -5.626613601854915103e-01 0.000000000000000000e+00 4.042509496212005615e-01 5.626613601854915103e-01 8.266874825193694099e-01 0.000000000000000000e+00 3.441361427307128906e+00 0.000000000000000000e+00 0.000000000000000000e+00 1.000000000000000000e+00 0.000000000000000000e+00
7.625161697437761177e-01 -6.469691575950747842e-01 0.000000000000000000e+00 3.056426048278808594e-01 6.469691575950747842e-01 7.625161697437761177e-01 0.000000000000000000e+00 3.680582284927368164e+00 0.000000000000000000e+00 0.000000000000000000e+00 1.000000000000000000e+00 0.000000000000000000e+00
-6.786615404498745896e-01 7.344511648259557379e-01 0.000000000000000000e+00 -1.719676703214645386e-01 -7.344511648259557379e-01 -6.786615404498745896e-01 0.000000000000000000e+00 3.942388296127319336e+00 0.000000000000000000e+00 0.000000000000000000e+00 1.000000000000000000e+00 0.000000000000000000e+00
