9.999999998557373981e-01 1.698603227769318271e-05 0.000000000000000000e+00 -8.000000000000000000e+00 -1.698603227769318271e-05 9.999999998557373981e-01 0.000000000000000000e+00 5.000000000000000000e+00 0.000000000000000000e+00 0.000000000000000000e+00 1.000000000000000000e+00 0.000000000000000000e+00
9.973990706490230007e-01 -7.207699958006845431e-02 0.000000000000000000e+00 -8.008685111999511719e+00 7.207699958006845431e-02 9.973990706490230007e-01 0.000000000000000000e+00 4.602697372436523438e+00 0.000000000000000000e+00 0.000000000000000000e+00 1.000000000000000000e+00 0.000000000000000000e+00
9.892904762514650452e-01 -1.459601096126936781e-01 0.000000000000000000e+00 -7.984928131103515625e+00 1.459601096126936781e-01 9.892904762514650452e-01 0.000000000000000000e+00 4.206565380096435547e+00 0.000000000000000000e+00 0.000000000000000000e+00 1.000000000000000000e+00 0.000000000000000000e+00
9.596220275392108867e-01 -2.812926665619530087e-01 0.000000000000000000e+00 -7.884102344512939453e+00 2.812926665619530087e-01 9.596220275392108867e-01 0.000000000000000000e+00 3.881425142288208008e+00 0.000000000000000000e+00 0.000000000000000000e+00 1.000000000000000000e+00 0.000000000000000000e+00
9.235968012075030931e-01 -3.833652942028893951e-01 0.000000000000000000e+00 -7.722376823425292969e+00 3.833652942028893951e-01 9.235968012075030931e-01 0.000000000000000000e+00 3.569635629653930664e+00 0.000000000000000000e+00 0.000000000000000000e+00 1.000000000000000000e+00 0.000000000000000000e+00
8.528240516676225402e-01 -5.221983692977413272e-01 0.000000000000000000e+00 -7.555185317993164062e+00 5.221983692977413272e-01 8.528240516676225402e-01 0.000000000000000000e+00 3.107583999633789062e+00 0.000000000000000000e+00 0.000000000000000000e+00 1.000000000000000000e+00 0.000000000000000000e+00
8.724519245436537229e-01 -4.886999481891468600e-01 0.000000000000000000e+00 -7.153816699981689453e+00 4.886999481891468600e-01 8.724519245436537229e-01 0.000000000000000000e+00 2.731381177902221680e+00 0.000000000000000000e+00 0.000000000000000000e+00 1.000000000000000000e+00 0.000000000000000000e+00
8.625440654488534253e-01 -5.059819514162180454e-01 0.000000000000000000e+00 -6.890989303588867188e+00 5.059819514162180454e-01 8.625440654488534253e-01 0.000000000000000000e+00 2.332211732864379883e+00 0.000000000000000000e+00 0.000000000000000000e+00 1.000000000000000000e+00 0.000000000000000000e+00
7.773643258947811052e-01 -6.290506377281185335e-01 0.000000000000000000e+00 -6.620411396026611328e+00 6.290506377281185335e-01 7.773643258947811052e-01 0.000000000000000000e+00 1.999660611152648926e+00 0.000000000000000000e+00 0.000000000000000000e+00 1.000000000000000000e+00 0.000000000000000000e+00
7.098661866784484742e-01 -7.043365651523412208e-01 0.000000000000000000e+00 -6.329175949096679688e+00 7.043365651523412208e-01 7.098661866784484742e-01 0.000000000000000000e+00 1.591995120048522949e+00 0.000000000000000000e+00 0.000000000000000000e+00 1.000000000000000000e+00 0.000000000000000000e+00
6.731875716948350075e-01 -7.394717664087055997e-01 0.000000000000000000e+00 -5.931831836700439453e+00 7.394717664087055997e-01 6.731875716948350075e-01 0.000000000000000000e+00 1.347757458686828613e+00 0.000000000000000000e+00 0.000000000000000000e+00 1.000000000000000000e+00 0.000000000000000000e+00
7.613647656033286637e-01 -6.483237568513037230e-01 0.000000000000000000e+00 -5.688472747802734375e+00 6.483237568513037230e-01 7.613647656033286637e-01 0.000000000000000000e+00 1.032871365547180176e+00 0.000000000000000000e+00 0.000000000000000000e+00 1.000000000000000000e+00 0.000000000000000000e+00
7.322324935229181930e-01 -6.810547521522845038e-01 0.000000000000000000e+00 -5.343594074249267578e+00 6.810547521522845038e-01 7.322324935229181930e-01 0.000000000000000000e+00 7.688181400299072266e-01 0.000000000000000000e+00 0.000000000000000000e+00 1.000000000000000000e+00 0.000000000000000000e+00
6.905218843750667856e-01 -7.233115008066074436e-01 0.000000000000000000e+00 -5.076962947845458984e+00 7.233115008066074436e-01 6.905218843750667856e-01 0.000000000000000000e+00 2.511485815048217773e-01 0.000000000000000000e+00 0.000000000000000000e+00 1.000000000000000000e+00 0.000000000000000000e+00
5.448334530516255603e-01 -8.385442793531192596e-01 0.000000000000000000e+00 -4.747103214263916016e+00 8.385442793531192596e-01 5.448334530516255603e-01 0.000000000000000000e+00 1.412911564111709595e-01 0.000000000000000000e+00 0.000000000000000000e+00 1.000000000000000000e+00 0.000000000000000000e+00
5.382172895593376749e-01 -8.428061160310834632e-01 0.000000000000000000e+00 -4.334510803222656250e+00 8.428061160310834632e-01 5.382172895593376749e-01 0.000000000000000000e+00 -1.591646969318389893e-01 0.000000000000000000e+00 0.000000000000000000e+00 1.000000000000000000e+00 0.000000000000000000e+00
4.269471159077380396e-01 -9.042765949741619069e-01 0.000000000000000000e+00 -4.139265060424804688e+00 9.042765949741619069e-01 4.269471159077380396e-01 0.000000000000000000e+00 -4.026241600513458252e-01 0.000000000000000000e+00 0.000000000000000000e+00 1.000000000000000000e+00 0.000000000000000000e+00
4.051236706754519634e-01 -9.142618943489048133e-01 0.000000000000000000e+00 -3.551875591278076172e+00 9.142618943489048133e-01 4.051236706754519634e-01 0.000000000000000000e+00 -5.686811208724975586e-01 0.000000000000000000e+00 0.000000000000000000e+00 1.000000000000000000e+00 0.000000000000000000e+00
4.713894101195162945e-01 -8.819251805154303403e-01 0.000000000000000000e+00 -3.192698478698730469e+00 8.819251805154303403e-01 4.713894101195162945e-01 0.000000000000000000e+00 -8.647372722625732422e-01 0.000000000000000000e+00 0.000000000000000000e+00 1.000000000000000000e+00 0.000000000000000000e+00
4.631317454792004962e-01 -8.862894483910935817e-01 0.000000000000000000e+00 -2.835294485092163086e+00 8.862894483910935817e-01 4.631317454792004962e-01 0.000000000000000000e+00 -8.623691797256469727e-01 0.000000000000000000e+00 0.000000000000000000e+00 1.000000000000000000e+00 0.000000000000000000e+00
3.418462876867446321e-01 -9.397558808514003825e-01 0.000000000000000000e+00 -2.913081169128417969e+00 9.397558808514003825e-01 3.418462876867446321e-01 0.000000000000000000e+00 -9.910968542098999023e-01 0.000000000000000000e+00 0.000000000000000000e+00 1.000000000000000000e+00 0.000000000000000000e+00
2.274763948445454320e-01 -9.737835949473211405e-01 0.000000000000000000e+00 -2.616574048995971680e+00 9.737835949473211405e-01 2.274763948445454320e-01 0.000000000000000000e+00 -9.649476408958435059e-01 0.000000000000000000e+00 0.000000000000000000e+00 1.000000000000000000e+00 0.000000000000000000e+00
1.042428163834889232e-01 -9.945518765918840431e-01 0.000000000000000000e+00 -2.121375799179077148e+00 9.945518765918840431e-01 1.042428163834889232e-01 0.000000000000000000e+00 -9.503608942031860352e-01 0.000000000000000000e+00 0.000000000000000000e+00 1.000000000000000000e+00 0.000000000000000000e+00
-1.132916874520684680e-01 -9.935617713832707310e-01 0.000000000000000000e+00 -1.711586236953735352e+00 9.935617713832707310e-01 -1.132916874520684680e-01 0.000000000000000000e+00 -8.574025034904479980e-01 0.000000000000000000e+00 0.000000000000000000e+00 1.000000000000000000e+00 0.000000000000000000e+00
-2.739884518070448416e-01 -9.617329817971195238e-01 0.000000000000000000e+00 -1.281406879425048828e+00 9.617329817971195238e-01 -2.739884518070448416e-01 0.000000000000000000e+00 -7.784078121185302734e-01 0.000000000000000000e+00 0.000000000000000000e+00 1.000000000000000000e+00 0.000000000000000000e+00
-4.118885953248129228e-01 -9.112342097624257509e-01 0.000000000000000000e+00 -9.772191047668457031e-01 9.112342097624257509e-01 -4.118885953248129228e-01 0.000000000000000000e+00 -5.712677836418151855e-01 0.000000000000000000e+00 0.000000000000000000e+00 1.000000000000000000e+00 0.000000000000000000e+00
-5.607851088321523791e-01 -8.279613890225262507e-01 0.000000000000000000e+00 -8.127608895301818848e-01 8.279613890225262507e-01 -5.607851088321523791e-01 0.000000000000000000e+00 -3.133295774459838867e-01 0.000000000000000000e+00 0.000000000000000000e+00 1.000000000000000000e+00 0.000000000000000000e+00
-6.446976733709893770e-01 -7.644376429441666065e-01 0.000000000000000000e+00 -6.445986628532409668e-01 7.644376429441666065e-01 -6.446976733709893770e-01 0.000000000000000000e+00 -1.134461760520935059e-01 0.000000000000000000e+00 0.000000000000000000e+00 1.000000000000000000e+00 0.000000000000000000e+00
-8.003455705012052501e-01 -5.995389626864132682e-01 0.000000000000000000e+00 -3.901173472404479980e-01 5.995389626864132682e-01 -8.003455705012052501e-01 0.000000000000000000e+00 2.284806966781616211e-01 0.000000000000000000e+00 0.000000000000000000e+00 1.000000000000000000e+00 0.000000000000000000e+00
-8.964778178297080347e-01 -4.430886165760578588e-01 0.000000000000000000e+00 -7.593603432178497314e-02 4.430886165760578588e-01 -8.964778178297080347e-01 0.000000000000000000e+00 6.360810995101928711e-01 0.000000000000000000e+00 0.000000000000000000e+00 1.000000000000000000e+00 0.000000000000000000e+00
9.249601461573879746e-01 3.800641104083670729e-01 0.000000000000000000e+00 4.857690632343292236e-02 -3.800641104083670729e-01 9.249601461573879746e-01 0.000000000000000000e+00 9.550658464431762695e-01 0.000000000000000000e+00 0.000000000000000000e+00 1.000000000000000000e+00 0.000000000000000000e+00
9.586052788952379444e-01 2.847383347464527703e-01 0.000000000000000000e+00 1.722294688224792480e-01 -2.847383347464527703e-01 9.586052788952379444e-01 0.000000000000000000e+00 1.478961229324340820e+00 0.000000000000000000e+00 0.000000000000000000e+00 1.000000000000000000e+00 0.000000000000000000e+00
9.743942549296351618e-01 2.248462496020805501e-01 0.000000000000000000e+00 2.567252218723297119e-01 -2.248462496020805501e-01 9.743942549296351618e-01 0.000000000000000000e+00 1.883785128593444824e+00 0.000000000000000000e+00 0.000000000000000000e+00 1.000000000000000000e+00 0.000000000000000000e+00
9.999966778455442462e-01 2.577653559901596936e-03 0.000000000000000000e+00 3.922732472419738770e-01 -2.577653559901596936e-03 9.999966778455442462e-01 0.000000000000000000e+00 2.120869159698486328e+00 0.000000000000000000e+00 0.000000000000000000e+00 1.000000000000000000e+00 0.000000000000000000e+00
9.812610941102867246e-01 -1.926828097819912600e-01 0.000000000000000000e+00 1.772588789463043213e-01 1.926828097819912600e-01 9.812610941102867246e-01 0.000000000000000000e+00 2.559185981750488281e+00 0.000000000000000000e+00 0.000000000000000000e+00 1.000000000000000000e+00 0.000000000000000000e+00
9.387112076325283549e-01 -3.447046107395144166e-01 0.000000000000000000e+00 3.780572209507229980e-03 3.447046107395144166e-01 9.387112076325283549e-01 0.000000000000000000e+00 3.014889478683471680e+00 0.000000000000000000e+00 0.000000000000000000e+00 1.000000000000000000e+00 0.000000000000000000e+00
8.671585715523044691e-01 -4.980321393076624359e-01 0.000000000000000000e+00 -2.737868130207061768e-01 4.980321393076624359e-01 8.671585715523044691e-01 0.000000000000000000e+00 3.300421714782714844e+00 0.000000000000000000e+00 0.000000000000000000e+00 1.000000000000000000e+00 0.000000000000000000e+00
7.721213336406106409e-01 -6.354751341610818116e-01 0.000000000000000000e+00 -4.149523675441741943e-01 6.354751341610818116e-01 7.721213336406106409e-01 0.000000000000000000e+00 3.745863676071166992e+00 0.000000000000000000e+00 0.000000000000000000e+00 1.000000000000000000e+00 0.000000000000000000e+00
7.640270008172883598e-01 -6.451842698192039594e-01 0.000000000000000000e+00 -5.900736451148986816e-01 6.451842698192039594e-01 7.640270008172883598e-01 0.000000000000000000e+00 4.143858909606933594e+00 0.000000000000000000e+00 0.000000000000000000e+00 1.000000000000000000e+00 0.000000000000000000e+00
7.477500703369501789e-01 -6.639802951225932670e-01 0.000000000000000000e+00 -9.225960373878479004e-01 6.639802951225932670e-01 7.477500703369501789e-01 0.000000000000000000e+00 4.602246761322021484e+00 0.000000000000000000e+00 0.000000000000000000e+00 1.000000000000000000e+00 0.000000000000000000e+00
-7.586737276879916836e-01 6.514707782518007750e-01 0.000000000000000000e+00 -8.344039916992187500e-01 -6.514707782518007750e-01 -7.586737276879916836e-01 0.000000000000000000e+00 4.460910320281982422e+00 0.000000000000000000e+00 0.000000000000000000e+00 1.000000000000000000e+00 0.000000000000000000e+00
6.331410973962207089e-01 -7.740364014617848731e-01 0.000000000000000000e+00 -1.407668590545654297e+00 7.740364014617848731e-01 6.331410973962207089e-01 0.000000000000000000e+00 4.921145915985107422e+00 0.000000000000000000e+00 0.000000000000000000e+00 1.000000000000000000e+00 0.000000000000000000e+00
4.758390942940539659e-01 -8.795323509350946312e-01 0.000000000000000000e+00 -1.789015650749206543e+00 8.795323509350946312e-01 4.758390942940539659e-01 0.000000000000000000e+00 5.145150184631347656e+00 0.000000000000000000e+00 0.000000000000000000e+00 1.000000000000000000e+00 0.000000000000000000e+00
3.823491961861822386e-01 -9.240179068480114388e-01 0.000000000000000000e+00 -2.224102020263671875e+00 9.240179068480114388e-01 3.823491961861822386e-01 0.000000000000000000e+00 5.497862339019775391e+00 0.000000000000000000e+00 0.000000000000000000e+00 1.000000000000000000e+00 0.000000000000000000e+00
2.759181881194446850e-01 -9.611811241721732735e-01 0.000000000000000000e+00 -2.686887025833129883e+00 9.611811241721732735e-01 2.759181881194446850e-01 0.000000000000000000e+00 5.783167362213134766e+00 0.000000000000000000e+00 0.000000000000000000e+00 1.000000000000000000e+00 0.000000000000000000e+00
2.127955125186460905e-01 -9.770967556245014896e-01 0.000000000000000000e+00 -3.171563148498535156e+00 9.770967556245014896e-01 2.127955125186460905e-01 0.000000000000000000e+00 5.836529254913330078e+00 0.000000000000000000e+00 0.000000000000000000e+00 1.000000000000000000e+00 0.000000000000000000e+00
1.814500683712840234e-01 -9.834001589831355972e-01 0.000000000000000000e+00 -3.555223464965820312e+00 9.834001589831355972e-01 1.814500683712840234e-01 0.000000000000000000e+00 5.878297805786132812e+00 0.000000000000000000e+00 0.000000000000000000e+00 1.000000000000000000e+00 0.000000000000000000e+00
5.530206100142712883e-02 -9.984696700696493732e-01 0.000000000000000000e+00 -4.066093921661376953e+00 9.984696700696493732e-01 5.530206100142712883e-02 0.000000000000000000e+00 6.190236568450927734e+00 0.000000000000000000e+00 0.000000000000000000e+00 1.000000000000000000e+00 0.000000000000000000e+00
-7.349865900787007356e-02 -9.972953159039927851e-01 0.000000000000000000e+00 -4.538835525512695312e+00 9.972953159039927851e-01 -7.349865900787007356e-02 0.000000000000000000e+00 6.170221805572509766e+00 0.000000000000000000e+00 0.000000000000000000e+00 1.000000000000000000e+00 0.000000000000000000e+00
-1.029575728462659712e-01 -9.946857484620988954e-01 0.000000000000000000e+00 -5.114900588989257812e+00 9.946857484620988954e-01 -1.029575728462659712e-01 0.000000000000000000e+00 6.163152217864990234e+00 0.000000000000000000e+00 0.000000000000000000e+00 1.000000000000000000e+00 0.000000000000000000e+00
-1.879317083332898430e-01 -9.821820976799217062e-01 0.000000000000000000e+00 -5.560828685760498047e+00 9.821820976799217062e-01 -1.879317083332898430e-01 0.000000000000000000e+00 6.207451343536376953e+00 0.000000000000000000e+00 0.000000000000000000e+00 1.000000000000000000e+00 0.000000000000000000e+00
-1.614732117019918589e-01 -9.868770956419262719e-01 0.000000000000000000e+00 -6.002415180206298828e+00 9.868770956419262719e-01 -1.614732117019918589e-01 0.000000000000000000e+00 6.045030117034912109e+00 0.000000000000000000e+00 0.000000000000000000e+00 1.000000000000000000e+00 0.000000000000000000e+00
-3.548462072348484986e-01 -9.349246863844397071e-01 0.000000000000000000e+00 -6.465115070343017578e+00 9.349246863844397071e-01 -3.548462072348484986e-01 0.000000000000000000e+00 6.019298553466796875e+00 0.000000000000000000e+00 0.000000000000000000e+00 1.000000000000000000e+00 0.000000000000000000e+00
-4.053156195733925160e-01 -9.141768146971552822e-01 0.000000000000000000e+00 -6.753218173980712891e+00 9.141768146971552822e-01 -4.053156195733925160e-01 0.000000000000000000e+00 6.046203613281250000e+00 0.000000000000000000e+00 0.000000000000000000e+00 1.000000000000000000e+00 0.000000000000000000e+00
-5.049092579846545803e-01 -8.631724284297926930e-01 0.000000000000000000e+00 -7.064788341522216797e+00 8.631724284297926930e-01 -5.049092579846545803e-01 0.000000000000000000e+00 5.799984455108642578e+00 0.000000000000000000e+00 0.000000000000000000e+00 1.000000000000000000e+00 0.000000000000000000e+00
-5.895235234983686734e-01 -8.077512087530840379e-01 0.000000000000000000e+00 -7.598705768585205078e+00 8.077512087530840379e-01 -5.895235234983686734e-01 0.000000000000000000e+00 5.723436832427978516e+00 0.000000000000000000e+00 0.000000000000000000e+00 1.000000000000000000e+00 0.000000000000000000e+00
-6.874057278667058402e-01 -7.262736159988495421e-01 0.000000000000000000e+00 -8.073466300964355469e+00 7.262736159988495421e-01 -6.874057278667058402e-01 0.000000000000000000e+00 5.403462886810302734e+00 0.000000000000000000e+00 0.000000000000000000e+00 1.000000000000000000e+00 0.000000000000000000e+00
-7.492332023687581222e-01 -6.623062799553206537e-01 0.000000000000000000e+00 -8.290475845336914062e+00 6.623062799553206537e-01 -7.492332023687581222e-01 0.000000000000000000e+00 5.090233802795410156e+00 0.000000000000000000e+00 0.000000000000000000e+00 1.000000000000000000e+00 0.000000000000000000e+00
-9.515201186782002996e-01 -3.075865142535082475e-01 0.000000000000000000e+00 -8.623244285583496094e+00 3.075865142535082475e-01 -9.515201186782002996e-01 0.000000000000000000e+00 4.681290149688720703e+00 0.000000000000000000e+00 0.000000000000000000e+00 1.000000000000000000e+00 0.000000000000000000e+00
-9.782559569273501232e-01 -2.074012602086943435e-01 0.000000000000000000e+00 -8.766097068786621094e+00 2.074012602086943435e-01 -9.782559569273501232e-01 0.000000000000000000e+00 4.330022811889648438e+00 0.000000000000000000e+00 0.000000000000000000e+00 1.000000000000000000e+00 0.000000000000000000e+00
1.408880824929641673e-01 -9.900255290705668454e-01 0.000000000000000000e+00 -8.660669326782226562e+00 9.900255290705668454e-01 1.408880824929641673e-01 0.000000000000000000e+00 4.423340320587158203e+00 0.000000000000000000e+00 0.000000000000000000e+00 1.000000000000000000e+00 0.000000000000000000e+00
-9.672789602798712583e-01 2.537152202763783282e-01 0.000000000000000000e+00 -8.573704719543457031e+00 -2.537152202763783282e-01 -9.672789602798712583e-01 0.000000000000000000e+00 4.040767669677734375e+00 0.000000000000000000e+00 0.000000000000000000e+00 1.000000000000000000e+00 0.000000000000000000e+00
-8.358982415338290783e-01 5.488844412083953017e-01 0.000000000000000000e+00 -8.498773574829101562e+00 -5.488844412083953017e-01 -8.358982415338290783e-01 0.000000000000000000e+00 3.689555168151855469e+00 0.000000000000000000e+00 0.000000000000000000e+00 1.000000000000000000e+00 0.000000000000000000e+00
-6.328905694752062772e-01 7.742412589557269298e-01 0.000000000000000000e+00 -8.217349052429199219e+00 -7.742412589557269298e-01 -6.328905694752062772e-01 0.000000000000000000e+00 3.281897306442260742e+00 0.000000000000000000e+00 0.000000000000000000e+00 1.000000000000000000e+00 0.000000000000000000e+00
-3.058218811029115858e-01 9.520887443083636548e-01 0.000000000000000000e+00 -7.772396564483642578e+00 -9.520887443083636548e-01 -3.058218811029115858e-01 0.000000000000000000e+00 3.091644763946533203e+00 0.000000000000000000e+00 0.000000000000000000e+00 1.000000000000000000e+00 0.000000000000000000e+00
-1.875259225314151665e-02 9.998241546811056368e-01 0.000000000000000000e+00 -7.281697750091552734e+00 -9.998241546811056368e-01 -1.875259225314151665e-02 0.000000000000000000e+00 3.180947542190551758e+00 0.000000000000000000e+00 0.000000000000000000e+00 1.000000000000000000e+00 0.000000000000000000e+00
1.565277357247741863e-01 9.876735634554947296e-01 0.000000000000000000e+00 -6.645694255828857422e+00 -9.876735634554947296e-01 1.565277357247741863e-01 0.000000000000000000e+00 3.208451032638549805e+00 0.000000000000000000e+00 0.000000000000000000e+00 1.000000000000000000e+00 0.000000000000000000e+00
3.908995134477528666e-01 9.204333601007245180e-01 0.000000000000000000e+00 -6.138461112976074219e+00 -9.204333601007245180e-01 3.908995134477528666e-01 0.000000000000000000e+00 3.388152837753295898e+00 0.000000000000000000e+00 0.000000000000000000e+00 1.000000000000000000e+00 0.000000000000000000e+00
6.731700733534370373e-01 7.394876958687873758e-01 0.000000000000000000e+00 -5.978728294372558594e+00 -7.394876958687873758e-01 6.731700733534370373e-01 0.000000000000000000e+00 3.708920001983642578e+00 0.000000000000000000e+00 0.000000000000000000e+00 1.000000000000000000e+00 0.000000000000000000e+00
8.869828443135783225e-01 4.618023753656909092e-01 0.000000000000000000e+00 -5.798752784729003906e+00 -4.618023753656909092e-01 8.869828443135783225e-01 0.000000000000000000e+00 4.166796684265136719e+00 0.000000000000000000e+00 0.000000000000000000e+00 1.000000000000000000e+00 0.000000000000000000e+00
-9.941559583287709057e-01 -1.079533719686568971e-01 0.000000000000000000e+00 -5.599398612976074219e+00 1.079533719686568971e-01 -9.941559583287709057e-01 0.000000000000000000e+00 4.586158752441406250e+00 0.000000000000000000e+00 0.000000000000000000e+00 1.000000000000000000e+00 0.000000000000000000e+00
-9.899212439924373053e-01 1.416189630397898525e-01 0.000000000000000000e+00 -5.743391513824462891e+00 -1.416189630397898525e-01 -9.899212439924373053e-01 0.000000000000000000e+00 5.275818824768066406e+00 0.000000000000000000e+00 0.000000000000000000e+00 1.000000000000000000e+00 0.000000000000000000e+00
-8.782881632663037674e-01 4.781316787939307034e-01 0.000000000000000000e+00 -5.988741397857666016e+00 -4.781316787939307034e-01 -8.782881632663037674e-01 0.000000000000000000e+00 5.677287578582763672e+00 0.000000000000000000e+00 0.000000000000000000e+00 1.000000000000000000e+00 0.000000000000000000e+00
-7.058860042275411084e-01 7.083254541774394175e-01 0.000000000000000000e+00 -6.151857376098632812e+00 -7.083254541774394175e-01 -7.058860042275411084e-01 0.000000000000000000e+00 6.180492877960205078e+00 0.000000000000000000e+00 0.000000000000000000e+00 1.000000000000000000e+00 0.000000000000000000e+00
-4.743580940420079051e-01 8.803319820481553259e-01 0.000000000000000000e+00 -6.479178905487060547e+00 -8.803319820481553259e-01 -4.743580940420079051e-01 0.000000000000000000e+00 6.388948440551757812e+00 0.000000000000000000e+00 0.000000000000000000e+00 1.000000000000000000e+00 0.000000000000000000e+00
-1.019234733502619034e-01 9.947922424206063763e-01 0.000000000000000000e+00 -6.990681648254394531e+00 -9.947922424206063763e-01 -1.019234733502619034e-01 0.000000000000000000e+00 6.574354648590087891e+00 0.000000000000000000e+00 0.000000000000000000e+00 1.000000000000000000e+00 0.000000000000000000e+00
1.805027077137589808e-01 9.835744875239501583e-01 0.000000000000000000e+00 -7.373143196105957031e+00 -9.835744875239501583e-01 1.805027077137589808e-01 0.000000000000000000e+00 6.667874336242675781e+00 0.000000000000000000e+00 0.000000000000000000e+00 1.000000000000000000e+00 0.000000000000000000e+00
6.789171348369654746e-01 7.342149031617143384e-01 0.000000000000000000e+00 -7.778398513793945312e+00 -7.342149031617143384e-01 6.789171348369654746e-01 0.000000000000000000e+00 6.516379356384277344e+00 0.000000000000000000e+00 0.000000000000000000e+00 1.000000000000000000e+00 0.000000000000000000e+00
8.740185325782853232e-01 4.858925855677370675e-01 0.000000000000000000e+00 -8.113125801086425781e+00 -4.858925855677370675e-01 8.740185325782853232e-01 0.000000000000000000e+00 6.281443595886230469e+00 0.000000000000000000e+00 0.000000000000000000e+00 1.000000000000000000e+00 0.000000000000000000e+00
9.543284947585211064e-01 2.987593079586565725e-01 0.000000000000000000e+00 -8.202477455139160156e+00 -2.987593079586565725e-01 9.543284947585211064e-01 0.000000000000000000e+00 5.925490856170654297e+00 0.000000000000000000e+00 0.000000000000000000e+00 1.000000000000000000e+00 0.000000000000000000e+00
9.999870956850019921e-01 5.080203093848119529e-03 0.000000000000000000e+00 -8.199363708496093750e+00 -5.080203093848119529e-03 9.999870956850019921e-01 0.000000000000000000e+00 5.946238994598388672e+00 0.000000000000000000e+00 0.000000000000000000e+00 1.000000000000000000e+00 0.000000000000000000e+00
9.996647589569463976e-01 2.589149859606891882e-02 0.000000000000000000e+00 -8.226901054382324219e+00 -2.589149859606891882e-02 9.996647589569463976e-01 0.000000000000000000e+00 5.434861660003662109e+00 0.000000000000000000e+00 0.000000000000000000e+00 1.000000000000000000e+00 0.000000000000000000e+00
9.906982863107726134e-01 -1.360768367537194545e-01 0.000000000000000000e+00 -8.295386314392089844e+00 1.360768367537194545e-01 9.906982863107726134e-01 0.000000000000000000e+00 4.914530754089355469e+00 0.000000000000000000e+00 0.000000000000000000e+00 1.000000000000000000e+00 0.000000000000000000e+00
9.559310586404671239e-01 -2.935912313515441352e-01 0.000000000000000000e+00 -8.203959465026855469e+00 2.935912313515441352e-01 9.559310586404671239e-01 0.000000000000000000e+00 4.406240463256835938e+00 0.000000000000000000e+00 0.000000000000000000e+00 1.000000000000000000e+00 0.000000000000000000e+00
9.193205636685272131e-01 -3.935094677592668178e-01 0.000000000000000000e+00 -8.107586860656738281e+00 3.935094677592668178e-01 9.193205636685272131e-01 0.000000000000000000e+00 4.002289772033691406e+00 0.000000000000000000e+00 0.000000000000000000e+00 1.000000000000000000e+00 0.000000000000000000e+00
8.532679654382654411e-01 -5.214727022163702097e-01 0.000000000000000000e+00 -7.852785110473632812e+00 5.214727022163702097e-01 8.532679654382654411e-01 0.000000000000000000e+00 3.469938993453979492e+00 0.000000000000000000e+00 0.000000000000000000e+00 1.000000000000000000e+00 0.000000000000000000e+00
8.730106548846234826e-01 -4.877011343619377381e-01 0.000000000000000000e+00 -7.507894515991210938e+00 4.877011343619377381e-01 8.730106548846234826e-01 0.000000000000000000e+00 2.940244674682617188e+00 0.000000000000000000e+00 0.000000000000000000e+00 1.000000000000000000e+00 0.000000000000000000e+00
8.403825179735279205e-01 -5.419937485658602450e-01 0.000000000000000000e+00 -7.108826160430908203e+00 5.419937485658602450e-01 8.403825179735279205e-01 0.000000000000000000e+00 2.359881877899169922e+00 0.000000000000000000e+00 0.000000000000000000e+00 1.000000000000000000e+00 0.000000000000000000e+00
7.777469616662328056e-01 -6.285774921351729994e-01 0.000000000000000000e+00 -6.866037845611572266e+00 6.285774921351729994e-01 7.777469616662328056e-01 0.000000000000000000e+00 1.996888399124145508e+00 0.000000000000000000e+00 0.000000000000000000e+00 1.000000000000000000e+00 0.000000000000000000e+00
6.414717488855317118e-01 -7.671466583266444150e-01 0.000000000000000000e+00 -6.496995925903320312e+00 7.671466583266444150e-01 6.414717488855317118e-01 0.000000000000000000e+00 1.575820922851562500e+00 0.000000000000000000e+00 0.000000000000000000e+00 1.000000000000000000e+00 0.000000000000000000e+00
6.766694249409040962e-01 -7.362869612794634699e-01 0.000000000000000000e+00 -6.029075145721435547e+00 7.362869612794634699e-01 6.766694249409040962e-01 0.000000000000000000e+00 1.160587430000305176e+00 0.000000000000000000e+00 0.000000000000000000e+00 1.000000000000000000e+00 0.000000000000000000e+00
7.400507894001806530e-01 -6.725509862517261572e-01 0.000000000000000000e+00 -5.654240131378173828e+00 6.725509862517261572e-01 7.400507894001806530e-01 0.000000000000000000e+00 8.996526598930358887e-01 0.000000000000000000e+00 0.000000000000000000e+00 1.000000000000000000e+00 0.000000000000000000e+00
7.284328694948745131e-01 -6.851171831442145477e-01 0.000000000000000000e+00 -5.317428588867187500e+00 6.851171831442145477e-01 7.284328694948745131e-01 0.000000000000000000e+00 4.492059051990509033e-01 0.000000000000000000e+00 0.000000000000000000e+00 1.000000000000000000e+00 0.000000000000000000e+00
6.216878626631116012e-01 -7.832650901306479341e-01 0.000000000000000000e+00 -4.981519222259521484e+00 7.832650901306479341e-01 6.216878626631116012e-01 0.000000000000000000e+00 1.569231152534484863e-01 0.000000000000000000e+00 0.000000000000000000e+00 1.000000000000000000e+00 0.000000000000000000e+00
5.466512829355247849e-01 -8.373603614125431083e-01 0.000000000000000000e+00 -4.485123634338378906e+00 8.373603614125431083e-01 5.466512829355247849e-01 0.000000000000000000e+00 -2.604762017726898193e-01 0.000000000000000000e+00 0.000000000000000000e+00 1.000000000000000000e+00 0.000000000000000000e+00
3.537065434739848913e-01 -9.353564460160019856e-01 0.000000000000000000e+00 -4.154307842254638672e+00 9.353564460160019856e-01 3.537065434739848913e-01 0.000000000000000000e+00 -7.051040530204772949e-01 0.000000000000000000e+00 0.000000000000000000e+00 1.000000000000000000e+00 0.000000000000000000e+00
4.207813481771575104e-01 -9.071620897205822098e-01 0.000000000000000000e+00 -3.638033151626586914e+00 9.071620897205822098e-01 4.207813481771575104e-01 0.000000000000000000e+00 -8.644536733627319336e-01 0.000000000000000000e+00 0.000000000000000000e+00 1.000000000000000000e+00 0.000000000000000000e+00
5.659654871122130615e-01 -8.244289341100513591e-01 0.000000000000000000e+00 -3.126998186111450195e+00 8.244289341100513591e-01 5.659654871122130615e-01 0.000000000000000000e+00 -1.065598487854003906e+00 0.000000000000000000e+00 0.000000000000000000e+00 1.000000000000000000e+00 0.000000000000000000e+00
4.703115435305789127e-01 -8.825004544032168941e-01 0.000000000000000000e+00 -2.537424325942993164e+00 8.825004544032168941e-01 4.703115435305789127e-01 0.000000000000000000e+00 -1.441242814064025879e+00 0.000000000000000000e+00 0.000000000000000000e+00 1.000000000000000000e+00 0.000000000000000000e+00
4.491397416645305785e-01 -8.934615226508183516e-01 0.000000000000000000e+00 -2.069857358932495117e+00 8.934615226508183516e-01 4.491397416645305785e-01 0.000000000000000000e+00 -1.462337374687194824e+00 0.000000000000000000e+00 0.000000000000000000e+00 1.000000000000000000e+00 0.000000000000000000e+00
3.395987108776781227e-01 -9.405704203143001596e-01 0.000000000000000000e+00 -2.091398477554321289e+00 9.405704203143001596e-01 3.395987108776781227e-01 0.000000000000000000e+00 -1.513628959655761719e+00 0.000000000000000000e+00 0.000000000000000000e+00 1.000000000000000000e+00 0.000000000000000000e+00
2.541890352877138048e-01 -9.671545555595038035e-01 0.000000000000000000e+00 -1.618831515312194824e+00 9.671545555595038035e-01 2.541890352877138048e-01 0.000000000000000000e+00 -1.599023103713989258e+00 0.000000000000000000e+00 0.000000000000000000e+00 1.000000000000000000e+00 0.000000000000000000e+00
1.097324163259632834e-01 -9.939611646373641696e-01 0.000000000000000000e+00 -1.229760646820068359e+00 9.939611646373641696e-01 1.097324163259632834e-01 0.000000000000000000e+00 -1.472921490669250488e+00 0.000000000000000000e+00 0.000000000000000000e+00 1.000000000000000000e+00 0.000000000000000000e+00
-7.178889531099681698e-02 -9.974198486645564632e-01 0.000000000000000000e+00 -7.914822697639465332e-01 9.974198486645564632e-01 -7.178889531099681698e-02 0.000000000000000000e+00 -1.327206015586853027e+00 0.000000000000000000e+00 0.000000000000000000e+00 1.000000000000000000e+00 0.000000000000000000e+00
-2.737122546722406957e-01 -9.618116248217415398e-01 0.000000000000000000e+00 -3.029557466506958008e-01 9.618116248217415398e-01 -2.737122546722406957e-01 0.000000000000000000e+00 -1.251546502113342285e+00 0.000000000000000000e+00 0.000000000000000000e+00 1.000000000000000000e+00 0.000000000000000000e+00
-4.287567005490646732e-01 -9.034199974177457015e-01 0.000000000000000000e+00 -6.692539900541305542e-02 9.034199974177457015e-01 -4.287567005490646732e-01 0.000000000000000000e+00 -9.885776638984680176e-01 0.000000000000000000e+00 0.000000000000000000e+00 1.000000000000000000e+00 0.000000000000000000e+00
-5.565167929850781681e-01 -8.308363612201885573e-01 0.000000000000000000e+00 2.130698412656784058e-01 8.308363612201885573e-01 -5.565167929850781681e-01 0.000000000000000000e+00 -7.543793320655822754e-01 0.000000000000000000e+00 0.000000000000000000e+00 1.000000000000000000e+00 0.000000000000000000e+00
-6.872264431346583047e-01 -7.264432640313256417e-01 0.000000000000000000e+00 4.618236422538757324e-01 7.264432640313256417e-01 -6.872264431346583047e-01 0.000000000000000000e+00 -5.716274976730346680e-01 0.000000000000000000e+00 0.000000000000000000e+00 1.000000000000000000e+00 0.000000000000000000e+00
-8.036001684045601667e-01 -5.951695299157732100e-01 0.000000000000000000e+00 6.885709762573242188e-01 5.951695299157732100e-01 -8.036001684045601667e-01 0.000000000000000000e+00 -1.735807061195373535e-01 0.000000000000000000e+00 0.000000000000000000e+00 1.000000000000000000e+00 0.000000000000000000e+00
-8.654833048629669845e-01 -5.009377695916694684e-01 0.000000000000000000e+00 9.158303737640380859e-01 5.009377695916694684e-01 -8.654833048629669845e-01 0.000000000000000000e+00 9.724243730306625366e-02 0.000000000000000000e+00 0.000000000000000000e+00 1.000000000000000000e+00 0.000000000000000000e+00
9.251082303317170741e-01 3.797035187781629406e-01 0.000000000000000000e+00 1.113824486732482910e+00 -3.797035187781629406e-01 9.251082303317170741e-01 0.000000000000000000e+00 5.284612774848937988e-01 0.000000000000000000e+00 0.000000000000000000e+00 1.000000000000000000e+00 0.000000000000000000e+00
9.561538213867143421e-01 2.928649344793316511e-01 0.000000000000000000e+00 1.180725812911987305e+00 -2.928649344793316511e-01 9.561538213867143421e-01 0.000000000000000000e+00 9.097940921783447266e-01 0.000000000000000000e+00 0.000000000000000000e+00 1.000000000000000000e+00 0.000000000000000000e+00
9.741649704176079672e-01 2.258375752864458519e-01 0.000000000000000000e+00 1.264797449111938477e+00 -2.258375752864458519e-01 9.741649704176079672e-01 0.000000000000000000e+00 1.358327984809875488e+00 0.000000000000000000e+00 0.000000000000000000e+00 1.000000000000000000e+00 0.000000000000000000e+00
9.966263933012885490e-01 8.207211569872770174e-02 0.000000000000000000e+00 1.319488167762756348e+00 -8.207211569872770174e-02 9.966263933012885490e-01 0.000000000000000000e+00 1.942037582397460938e+00 0.000000000000000000e+00 0.000000000000000000e+00 1.000000000000000000e+00 0.000000000000000000e+00
9.833106997341329869e-01 -1.819342402857959118e-01 0.000000000000000000e+00 1.224826812744140625e+00 1.819342402857959118e-01 9.833106997341329869e-01 0.000000000000000000e+00 2.186149120330810547e+00 0.000000000000000000e+00 0.000000000000000000e+00 1.000000000000000000e+00 0.000000000000000000e+00
9.471063213466278663e-01 -3.209199527378410188e-01 0.000000000000000000e+00 1.099886059761047363e+00 3.209199527378410188e-01 9.471063213466278663e-01 0.000000000000000000e+00 2.535612106323242188e+00 0.000000000000000000e+00 0.000000000000000000e+00 1.000000000000000000e+00 0.000000000000000000e+00
8.671575325744111939e-01 -4.980339483403304346e-01 0.000000000000000000e+00 7.299414873123168945e-01 4.980339483403304346e-01 8.671575325744111939e-01 0.000000000000000000e+00 2.980840444564819336e+00 0.000000000000000000e+00 0.000000000000000000e+00 1.000000000000000000e+00 0.000000000000000000e+00
8.266414331336437993e-01 -5.627290120713126509e-01 0.000000000000000000e+00 4.237452447414398193e-01 5.627290120713126509e-01 8.266414331336437993e-01 0.000000000000000000e+00 3.493792057037353516e+00 0.000000000000000000e+00 0.000000000000000000e+00 1.000000000000000000e+00 0.000000000000000000e+00
7.633199526056675399e-01 -6.460206265701440298e-01 0.000000000000000000e+00 3.221283257007598877e-01 6.460206265701440298e-01 7.633199526056675399e-01 0.000000000000000000e+00 3.732395648956298828e+00 0.000000000000000000e+00 0.000000000000000000e+00 1.000000000000000000e+00 0.000000000000000000e+00
-6.795740227071128681e-01 7.336069435751493284e-01 0.000000000000000000e+00 -1.551561653614044189e-01 -7.336069435751493284e-01 -6.795740227071128681e-01 0.000000000000000000e+00 3.994795322418212891e+00 0.000000000000000000e+00 0.000000000000000000e+00 1.000000000000000000e+00 0.000000000000000000e+00
