9.999999917492048418e-01 1.284585156204650215e-04 0.000000000000000000e+00 -8.000000000000000000e+00 -1.284585156204650215e-04 9.999999917492048418e-01 0.000000000000000000e+00 5.000000000000000000e+00 0.000000000000000000e+00 0.000000000000000000e+00 1.000000000000000000e+00 0.000000000000000000e+00
9.972969554119520685e-01 -7.347640931653413865e-02 0.000000000000000000e+00 -8.010272979736328125e+00 7.347640931653413865e-02 9.972969554119520685e-01 0.000000000000000000e+00 4.603706836700439453e+00 0.000000000000000000e+00 0.000000000000000000e+00 1.000000000000000000e+00 0.000000000000000000e+00
9.887669259053736281e-01 -1.494656021820314762e-01 0.000000000000000000e+00 -7.987423896789550781e+00 1.494656021820314762e-01 9.887669259053736281e-01 0.000000000000000000e+00 4.208629608154296875e+00 0.000000000000000000e+00 0.000000000000000000e+00 1.000000000000000000e+00 0.000000000000000000e+00
9.619941369326535652e-01 -2.730701018185605622e-01 0.000000000000000000e+00 -7.897922992706298828e+00 2.730701018185605622e-01 9.619941369326535652e-01 0.000000000000000000e+00 3.877155065536499023e+00 0.000000000000000000e+00 0.000000000000000000e+00 1.000000000000000000e+00 0.000000000000000000e+00
9.288171190640868158e-01 -3.705384721368213952e-01 0.000000000000000000e+00 -7.752799510955810547e+00 3.705384721368213952e-01 9.288171190640868158e-01 0.000000000000000000e+00 3.557728290557861328e+00 0.000000000000000000e+00 0.000000000000000000e+00 1.000000000000000000e+00 0.000000000000000000e+00
8.557732945199957308e-01 -5.173510108102550298e-01 0.000000000000000000e+00 -7.575456142425537109e+00 5.173510108102550298e-01 8.557732945199957308e-01 0.000000000000000000e+00 3.093795299530029297e+00 0.000000000000000000e+00 0.000000000000000000e+00 1.000000000000000000e+00 0.000000000000000000e+00
8.755958877773583060e-01 -4.830443471435926783e-01 0.000000000000000000e+00 -7.158825397491455078e+00 4.830443471435926783e-01 8.755958877773583060e-01 0.000000000000000000e+00 2.716601371765136719e+00 0.000000000000000000e+00 0.000000000000000000e+00 1.000000000000000000e+00 0.000000000000000000e+00
8.664317032099451144e-01 -4.992956075039250430e-01 0.000000000000000000e+00 -6.907160758972167969e+00 4.992956075039250430e-01 8.664317032099451144e-01 0.000000000000000000e+00 2.312513351440429688e+00 0.000000000000000000e+00 0.000000000000000000e+00 1.000000000000000000e+00 0.000000000000000000e+00
7.802005411119935507e-01 -6.255294682495401437e-01 0.000000000000000000e+00 -6.647842407226562500e+00 6.255294682495401437e-01 7.802005411119935507e-01 0.000000000000000000e+00 1.974665880203247070e+00 0.000000000000000000e+00 0.000000000000000000e+00 1.000000000000000000e+00 0.000000000000000000e+00
7.108834598421891471e-01 -7.033098225695405548e-01 0.000000000000000000e+00 -6.357579231262207031e+00 7.033098225695405548e-01 7.108834598421891471e-01 0.000000000000000000e+00 1.573184967041015625e+00 0.000000000000000000e+00 0.000000000000000000e+00 1.000000000000000000e+00 0.000000000000000000e+00
6.746432827443691327e-01 -7.381439162168182966e-01 0.000000000000000000e+00 -5.959733963012695312e+00 7.381439162168182966e-01 6.746432827443691327e-01 0.000000000000000000e+00 1.336021542549133301e+00 0.000000000000000000e+00 0.000000000000000000e+00 1.000000000000000000e+00 0.000000000000000000e+00
7.686736076327704836e-01 -6.396412157833653023e-01 0.000000000000000000e+00 -5.717152595520019531e+00 6.396412157833653023e-01 7.686736076327704836e-01 0.000000000000000000e+00 1.016135096549987793e+00 0.000000000000000000e+00 0.000000000000000000e+00 1.000000000000000000e+00 0.000000000000000000e+00
7.446490010601269915e-01 -6.674562646497184115e-01 0.000000000000000000e+00 -5.376130580902099609e+00 6.674562646497184115e-01 7.446490010601269915e-01 0.000000000000000000e+00 7.431514263153076172e-01 0.000000000000000000e+00 0.000000000000000000e+00 1.000000000000000000e+00 0.000000000000000000e+00
6.999021753910837917e-01 -7.142387170147166398e-01 0.000000000000000000e+00 -5.112246513366699219e+00 7.142387170147166398e-01 6.999021753910837917e-01 0.000000000000000000e+00 2.126826196908950806e-01 0.000000000000000000e+00 0.000000000000000000e+00 1.000000000000000000e+00 0.000000000000000000e+00
5.497911399336655736e-01 -8.353021623642791216e-01 0.000000000000000000e+00 -4.776597499847412109e+00 8.353021623642791216e-01 5.497911399336655736e-01 0.000000000000000000e+00 9.101807326078414917e-02 0.000000000000000000e+00 0.000000000000000000e+00 1.000000000000000000e+00 0.000000000000000000e+00
5.464772329828953001e-01 -8.374739600915113158e-01 0.000000000000000000e+00 -4.368819236755371094e+00 8.374739600915113158e-01 5.464772329828953001e-01 0.000000000000000000e+00 -2.000857740640640259e-01 0.000000000000000000e+00 0.000000000000000000e+00 1.000000000000000000e+00 0.000000000000000000e+00
4.409632960466963181e-01 -8.975251369959693637e-01 0.000000000000000000e+00 -4.178696632385253906e+00 8.975251369959693637e-01 4.409632960466963181e-01 0.000000000000000000e+00 -4.336580932140350342e-01 0.000000000000000000e+00 0.000000000000000000e+00 1.000000000000000000e+00 0.000000000000000000e+00
4.155137279345737511e-01 -9.095869072814939393e-01 0.000000000000000000e+00 -3.593524932861328125e+00 9.095869072814939393e-01 4.155137279345737511e-01 0.000000000000000000e+00 -6.076060533523559570e-01 0.000000000000000000e+00 0.000000000000000000e+00 1.000000000000000000e+00 0.000000000000000000e+00
4.781799832117211158e-01 -8.782618650810464223e-01 0.000000000000000000e+00 -3.237433910369873047e+00 8.782618650810464223e-01 4.781799832117211158e-01 0.000000000000000000e+00 -9.065812230110168457e-01 0.000000000000000000e+00 0.000000000000000000e+00 1.000000000000000000e+00 0.000000000000000000e+00
4.674280788566237965e-01 -8.840311030141450033e-01 0.000000000000000000e+00 -2.878668069839477539e+00 8.840311030141450033e-01 4.674280788566237965e-01 0.000000000000000000e+00 -8.999366760253906250e-01 0.000000000000000000e+00 0.000000000000000000e+00 1.000000000000000000e+00 0.000000000000000000e+00
3.431852304084940797e-01 -9.392677454429427808e-01 0.000000000000000000e+00 -2.955834150314331055e+00 9.392677454429427808e-01 3.431852304084940797e-01 0.000000000000000000e+00 -1.021305084228515625e+00 0.000000000000000000e+00 0.000000000000000000e+00 1.000000000000000000e+00 0.000000000000000000e+00
2.320726268084139510e-01 -9.726984609251947411e-01 0.000000000000000000e+00 -2.664017915725708008e+00 9.726984609251947411e-01 2.320726268084139510e-01 0.000000000000000000e+00 -1.005700230598449707e+00 0.000000000000000000e+00 0.000000000000000000e+00 1.000000000000000000e+00 0.000000000000000000e+00
1.074691047379316561e-01 -9.942084245905520312e-01 0.000000000000000000e+00 -2.173812150955200195e+00 9.942084245905520312e-01 1.074691047379316561e-01 0.000000000000000000e+00 -1.003384828567504883e+00 0.000000000000000000e+00 0.000000000000000000e+00 1.000000000000000000e+00 0.000000000000000000e+00
-1.104579845400825017e-01 -9.938807944876201228e-01 0.000000000000000000e+00 -1.760207176208496094e+00 9.938807944876201228e-01 -1.104579845400825017e-01 0.000000000000000000e+00 -9.080948233604431152e-01 0.000000000000000000e+00 0.000000000000000000e+00 1.000000000000000000e+00 0.000000000000000000e+00
-2.702683950032523374e-01 -9.627850199615519688e-01 0.000000000000000000e+00 -1.326278448104858398e+00 9.627850199615519688e-01 -2.702683950032523374e-01 0.000000000000000000e+00 -8.266639113426208496e-01 0.000000000000000000e+00 0.000000000000000000e+00 1.000000000000000000e+00 0.000000000000000000e+00
-4.063368714341590859e-01 -9.137233426552588966e-01 0.000000000000000000e+00 -1.017456173896789551e+00 9.137233426552588966e-01 -4.063368714341590859e-01 0.000000000000000000e+00 -6.296342015266418457e-01 0.000000000000000000e+00 0.000000000000000000e+00 1.000000000000000000e+00 0.000000000000000000e+00
-5.557511494446669698e-01 -8.313486993379681778e-01 0.000000000000000000e+00 -8.477805256843566895e-01 8.313486993379681778e-01 -5.557511494446669698e-01 0.000000000000000000e+00 -3.816644549369812012e-01 0.000000000000000000e+00 0.000000000000000000e+00 1.000000000000000000e+00 0.000000000000000000e+00
-6.389830441476646028e-01 -7.692208195906969914e-01 0.000000000000000000e+00 -6.831538677215576172e-01 7.692208195906969914e-01 -6.389830441476646028e-01 0.000000000000000000e+00 -1.734511256217956543e-01 0.000000000000000000e+00 0.000000000000000000e+00 1.000000000000000000e+00 0.000000000000000000e+00
-7.926546828793007426e-01 -6.096708568641895365e-01 0.000000000000000000e+00 -4.308325648307800293e-01 6.096708568641895365e-01 -7.926546828793007426e-01 0.000000000000000000e+00 1.759651005268096924e-01 0.000000000000000000e+00 0.000000000000000000e+00 1.000000000000000000e+00 0.000000000000000000e+00
-8.925490167725191881e-01 -4.509503882451030843e-01 0.000000000000000000e+00 -1.075641587376594543e-01 4.509503882451030843e-01 -8.925490167725191881e-01 0.000000000000000000e+00 5.793308615684509277e-01 0.000000000000000000e+00 0.000000000000000000e+00 1.000000000000000000e+00 0.000000000000000000e+00
9.235592422222418385e-01 3.834557681217983238e-01 0.000000000000000000e+00 2.377016283571720123e-02 -3.834557681217983238e-01 9.235592422222418385e-01 0.000000000000000000e+00 8.971706628799438477e-01 0.000000000000000000e+00 0.000000000000000000e+00 1.000000000000000000e+00 0.000000000000000000e+00
9.566436651121723589e-01 2.912608761930612356e-01 0.000000000000000000e+00 1.446235179901123047e-01 -2.912608761930612356e-01 9.566436651121723589e-01 0.000000000000000000e+00 1.413604855537414551e+00 0.000000000000000000e+00 0.000000000000000000e+00 1.000000000000000000e+00 0.000000000000000000e+00
9.718560697645298729e-01 2.355754224486101833e-01 0.000000000000000000e+00 2.268564999103546143e-01 -2.355754224486101833e-01 9.718560697645298729e-01 0.000000000000000000e+00 1.810887455940246582e+00 0.000000000000000000e+00 0.000000000000000000e+00 1.000000000000000000e+00 0.000000000000000000e+00
9.999809672540802552e-01 6.169694449004128889e-03 0.000000000000000000e+00 3.637489676475524902e-01 -6.169694449004128889e-03 9.999809672540802552e-01 0.000000000000000000e+00 2.047716856002807617e+00 0.000000000000000000e+00 0.000000000000000000e+00 1.000000000000000000e+00 0.000000000000000000e+00
9.805605699187726065e-01 -1.962166372165514705e-01 0.000000000000000000e+00 1.491448581218719482e-01 1.962166372165514705e-01 9.805605699187726065e-01 0.000000000000000000e+00 2.488362312316894531e+00 0.000000000000000000e+00 0.000000000000000000e+00 1.000000000000000000e+00 0.000000000000000000e+00
9.387773176467899550e-01 -3.445245243402827451e-01 0.000000000000000000e+00 -1.116652414202689951e-02 3.445245243402827451e-01 9.387773176467899550e-01 0.000000000000000000e+00 2.949415445327758789e+00 0.000000000000000000e+00 0.000000000000000000e+00 1.000000000000000000e+00 0.000000000000000000e+00
8.667212742174489337e-01 -4.987927754277137193e-01 0.000000000000000000e+00 -2.738937437534332275e-01 4.987927754277137193e-01 8.667212742174489337e-01 0.000000000000000000e+00 3.240444898605346680e+00 0.000000000000000000e+00 0.000000000000000000e+00 1.000000000000000000e+00 0.000000000000000000e+00
7.728885043496855900e-01 -6.345418503488213791e-01 0.000000000000000000e+00 -4.179912507534027100e-01 6.345418503488213791e-01 7.728885043496855900e-01 0.000000000000000000e+00 3.685240745544433594e+00 0.000000000000000000e+00 0.000000000000000000e+00 1.000000000000000000e+00 0.000000000000000000e+00
7.668165633685927185e-01 -6.418663086216482849e-01 0.000000000000000000e+00 -5.952522158622741699e-01 6.418663086216482849e-01 7.668165633685927185e-01 0.000000000000000000e+00 4.082852840423583984e+00 0.000000000000000000e+00 0.000000000000000000e+00 1.000000000000000000e+00 0.000000000000000000e+00
7.507109696679541422e-01 -6.606307894885009580e-01 0.000000000000000000e+00 -9.256743788719177246e-01 6.606307894885009580e-01 7.507109696679541422e-01 0.000000000000000000e+00 4.542617321014404297e+00 0.000000000000000000e+00 0.000000000000000000e+00 1.000000000000000000e+00 0.000000000000000000e+00
-7.616714473814688580e-01 6.479634297117532471e-01 0.000000000000000000e+00 -8.380089402198791504e-01 -6.479634297117532471e-01 -7.616714473814688580e-01 0.000000000000000000e+00 4.400824546813964844e+00 0.000000000000000000e+00 0.000000000000000000e+00 1.000000000000000000e+00 0.000000000000000000e+00
6.368211021597257604e-01 -7.710115977364232487e-01 0.000000000000000000e+00 -1.409042954444885254e+00 7.710115977364232487e-01 6.368211021597257604e-01 0.000000000000000000e+00 4.863636016845703125e+00 0.000000000000000000e+00 0.000000000000000000e+00 1.000000000000000000e+00 0.000000000000000000e+00
4.801660594553375794e-01 -8.771776076411966772e-01 0.000000000000000000e+00 -1.789222121238708496e+00 8.771776076411966772e-01 4.801660594553375794e-01 0.000000000000000000e+00 5.089389324188232422e+00 0.000000000000000000e+00 0.000000000000000000e+00 1.000000000000000000e+00 0.000000000000000000e+00
3.870560460399132263e-01 -9.220561898409166401e-01 0.000000000000000000e+00 -2.222474336624145508e+00 9.220561898409166401e-01 3.870560460399132263e-01 0.000000000000000000e+00 5.444173336029052734e+00 0.000000000000000000e+00 0.000000000000000000e+00 1.000000000000000000e+00 0.000000000000000000e+00
2.809998973147950774e-01 -9.597077980870399871e-01 0.000000000000000000e+00 -2.683712720870971680e+00 9.597077980870399871e-01 2.809998973147950774e-01 0.000000000000000000e+00 5.731765747070312500e+00 0.000000000000000000e+00 0.000000000000000000e+00 1.000000000000000000e+00 0.000000000000000000e+00
2.181842913473310552e-01 -9.759075852811386342e-01 0.000000000000000000e+00 -3.168020009994506836e+00 9.759075852811386342e-01 2.181842913473310552e-01 0.000000000000000000e+00 5.787620067596435547e+00 0.000000000000000000e+00 0.000000000000000000e+00 1.000000000000000000e+00 0.000000000000000000e+00
1.871270590903152953e-01 -9.823357184568876077e-01 0.000000000000000000e+00 -3.551371097564697266e+00 9.823357184568876077e-01 1.871270590903152953e-01 0.000000000000000000e+00 5.831431865692138672e+00 0.000000000000000000e+00 0.000000000000000000e+00 1.000000000000000000e+00 0.000000000000000000e+00
6.135661732505537369e-02 -9.981159078536052665e-01 0.000000000000000000e+00 -4.060367107391357422e+00 9.981159078536052665e-01 6.135661732505537369e-02 0.000000000000000000e+00 6.146241188049316406e+00 0.000000000000000000e+00 0.000000000000000000e+00 1.000000000000000000e+00 0.000000000000000000e+00
-6.711868107558841001e-02 -9.977449988101536604e-01 0.000000000000000000e+00 -4.533165931701660156e+00 9.977449988101536604e-01 -6.711868107558841001e-02 0.000000000000000000e+00 6.129015445709228516e+00 0.000000000000000000e+00 0.000000000000000000e+00 1.000000000000000000e+00 0.000000000000000000e+00
-9.621304038362253619e-02 -9.953607641755523039e-01 0.000000000000000000e+00 -5.109219551086425781e+00 9.953607641755523039e-01 -9.621304038362253619e-02 0.000000000000000000e+00 6.125547885894775391e+00 0.000000000000000000e+00 0.000000000000000000e+00 1.000000000000000000e+00 0.000000000000000000e+00
-1.808526051767735954e-01 -9.835102110302536005e-01 0.000000000000000000e+00 -5.554804325103759766e+00 9.835102110302536005e-01 -1.808526051767735954e-01 0.000000000000000000e+00 6.172783851623535156e+00 0.000000000000000000e+00 0.000000000000000000e+00 1.000000000000000000e+00 0.000000000000000000e+00
-1.539016181783054438e-01 -9.880861763642375672e-01 0.000000000000000000e+00 -5.997529506683349609e+00 9.880861763642375672e-01 -1.539016181783054438e-01 0.000000000000000000e+00 6.013457775115966797e+00 0.000000000000000000e+00 0.000000000000000000e+00 1.000000000000000000e+00 0.000000000000000000e+00
-3.471879457253283507e-01 -9.377955695902100430e-01 0.000000000000000000e+00 -6.460408687591552734e+00 9.377955695902100430e-01 -3.471879457253283507e-01 0.000000000000000000e+00 5.991180419921875000e+00 0.000000000000000000e+00 0.000000000000000000e+00 1.000000000000000000e+00 0.000000000000000000e+00
-3.973287614893810660e-01 -9.176763347135603599e-01 0.000000000000000000e+00 -6.748293399810791016e+00 9.176763347135603599e-01 -3.973287614893810660e-01 0.000000000000000000e+00 6.020341873168945312e+00 0.000000000000000000e+00 0.000000000000000000e+00 1.000000000000000000e+00 0.000000000000000000e+00
-4.968788695169343850e-01 -8.678199058719344716e-01 0.000000000000000000e+00 -7.062026977539062500e+00 8.678199058719344716e-01 -4.968788695169343850e-01 0.000000000000000000e+00 5.776743412017822266e+00 0.000000000000000000e+00 0.000000000000000000e+00 1.000000000000000000e+00 0.000000000000000000e+00
-5.815045468579467247e-01 -8.135431531169898811e-01 0.000000000000000000e+00 -7.596678733825683594e+00 8.135431531169898811e-01 -5.815045468579467247e-01 0.000000000000000000e+00 5.705042839050292969e+00 0.000000000000000000e+00 0.000000000000000000e+00 1.000000000000000000e+00 0.000000000000000000e+00
-6.797204517283909064e-01 -7.334712724450440646e-01 0.000000000000000000e+00 -8.074645996093750000e+00 7.334712724450440646e-01 -6.797204517283909064e-01 0.000000000000000000e+00 5.389664649963378906e+00 0.000000000000000000e+00 0.000000000000000000e+00 1.000000000000000000e+00 0.000000000000000000e+00
-7.418007068584013819e-01 -6.706203928485742205e-01 0.000000000000000000e+00 -8.295027732849121094e+00 6.706203928485742205e-01 -7.418007068584013819e-01 0.000000000000000000e+00 5.078615665435791016e+00 0.000000000000000000e+00 0.000000000000000000e+00 1.000000000000000000e+00 0.000000000000000000e+00
-9.478382540261711675e-01 -3.187516967870436257e-01 0.000000000000000000e+00 -8.632441520690917969e+00 3.187516967870436257e-01 -9.478382540261711675e-01 0.000000000000000000e+00 4.673279762268066406e+00 0.000000000000000000e+00 0.000000000000000000e+00 1.000000000000000000e+00 0.000000000000000000e+00
-9.756270073610949778e-01 -2.194355087665484649e-01 0.000000000000000000e+00 -8.779539108276367188e+00 2.194355087665484649e-01 -9.756270073610949778e-01 0.000000000000000000e+00 4.323582172393798828e+00 0.000000000000000000e+00 0.000000000000000000e+00 1.000000000000000000e+00 0.000000000000000000e+00
1.536203552588008003e-01 -9.881299441116840887e-01 0.000000000000000000e+00 -8.673111915588378906e+00 9.881299441116840887e-01 1.536203552588008003e-01 0.000000000000000000e+00 4.415454864501953125e+00 0.000000000000000000e+00 0.000000000000000000e+00 1.000000000000000000e+00 0.000000000000000000e+00
-9.705749437623429898e-01 2.407992494604681843e-01 0.000000000000000000e+00 -8.591237068176269531e+00 -2.407992494604681843e-01 -9.705749437623429898e-01 0.000000000000000000e+00 4.031649589538574219e+00 0.000000000000000000e+00 0.000000000000000000e+00 1.000000000000000000e+00 0.000000000000000000e+00
-8.433349278511913516e-01 5.373883134812534879e-01 0.000000000000000000e+00 -8.521168708801269531e+00 -5.373883134812534879e-01 -8.433349278511913516e-01 0.000000000000000000e+00 3.679320096969604492e+00 0.000000000000000000e+00 0.000000000000000000e+00 1.000000000000000000e+00 0.000000000000000000e+00
-6.435965431734589348e-01 7.653649388462826497e-01 0.000000000000000000e+00 -8.245534896850585938e+00 -7.653649388462826497e-01 -6.435965431734589348e-01 0.000000000000000000e+00 3.267694473266601562e+00 0.000000000000000000e+00 0.000000000000000000e+00 1.000000000000000000e+00 0.000000000000000000e+00
-3.191165930562695485e-01 9.477154636472696625e-01 0.000000000000000000e+00 -7.803462505340576172e+00 -9.477154636472696625e-01 -3.191165930562695485e-01 0.000000000000000000e+00 3.071117877960205078e+00 0.000000000000000000e+00 0.000000000000000000e+00 1.000000000000000000e+00 0.000000000000000000e+00
-3.276016555782750722e-02 9.994632417215871811e-01 0.000000000000000000e+00 -7.311756134033203125e+00 -9.994632417215871811e-01 -3.276016555782750722e-02 0.000000000000000000e+00 3.153390169143676758e+00 0.000000000000000000e+00 0.000000000000000000e+00 1.000000000000000000e+00 0.000000000000000000e+00
1.427652389433598512e-01 9.897565794423623942e-01 0.000000000000000000e+00 -6.675623416900634766e+00 -9.897565794423623942e-01 1.427652389433598512e-01 0.000000000000000000e+00 3.171824216842651367e+00 0.000000000000000000e+00 0.000000000000000000e+00 1.000000000000000000e+00 0.000000000000000000e+00
3.781858534552656748e-01 9.257296907015094556e-01 0.000000000000000000e+00 -6.166129112243652344e+00 -9.257296907015094556e-01 3.781858534552656748e-01 0.000000000000000000e+00 3.344294548034667969e+00 0.000000000000000000e+00 0.000000000000000000e+00 1.000000000000000000e+00 0.000000000000000000e+00
6.630062156439086030e-01 7.486138911465262114e-01 0.000000000000000000e+00 -6.002181053161621094e+00 -7.486138911465262114e-01 6.630062156439086030e-01 0.000000000000000000e+00 3.662678956985473633e+00 0.000000000000000000e+00 0.000000000000000000e+00 1.000000000000000000e+00 0.000000000000000000e+00
8.806184691584193480e-01 4.738260353516700052e-01 0.000000000000000000e+00 -5.816151618957519531e+00 -4.738260353516700052e-01 8.806184691584193480e-01 0.000000000000000000e+00 4.117903232574462891e+00 0.000000000000000000e+00 0.000000000000000000e+00 1.000000000000000000e+00 0.000000000000000000e+00
-9.925966679961945038e-01 -1.214572133833660833e-01 0.000000000000000000e+00 -5.611292362213134766e+00 1.214572133833660833e-01 -9.925966679961945038e-01 0.000000000000000000e+00 4.534363746643066406e+00 0.000000000000000000e+00 0.000000000000000000e+00 1.000000000000000000e+00 0.000000000000000000e+00
-9.917731060843042457e-01 1.280082264852200058e-01 0.000000000000000000e+00 -5.746078968048095703e+00 -1.280082264852200058e-01 -9.917731060843042457e-01 0.000000000000000000e+00 5.225767135620117188e+00 0.000000000000000000e+00 0.000000000000000000e+00 1.000000000000000000e+00 0.000000000000000000e+00
-8.848918019631775156e-01 4.657966281740997805e-01 0.000000000000000000e+00 -5.986077785491943359e+00 -4.657966281740997805e-01 -8.848918019631775156e-01 0.000000000000000000e+00 5.630415916442871094e+00 0.000000000000000000e+00 0.000000000000000000e+00 1.000000000000000000e+00 0.000000000000000000e+00
-7.159917184874785567e-01 6.981087730843578143e-01 0.000000000000000000e+00 -6.142331600189208984e+00 -6.981087730843578143e-01 -7.159917184874785567e-01 0.000000000000000000e+00 6.135699748992919922e+00 0.000000000000000000e+00 0.000000000000000000e+00 1.000000000000000000e+00 0.000000000000000000e+00
-4.873704520119952477e-01 8.731953060487804841e-01 0.000000000000000000e+00 -6.466830730438232422e+00 -8.731953060487804841e-01 -4.873704520119952477e-01 0.000000000000000000e+00 6.348678588867187500e+00 0.000000000000000000e+00 0.000000000000000000e+00 1.000000000000000000e+00 0.000000000000000000e+00
-1.172630722748127102e-01 9.931008870606611305e-01 0.000000000000000000e+00 -6.975747108459472656e+00 -9.931008870606611305e-01 -1.172630722748127102e-01 0.000000000000000000e+00 6.541493415832519531e+00 0.000000000000000000e+00 0.000000000000000000e+00 1.000000000000000000e+00 0.000000000000000000e+00
1.646392270502815280e-01 9.863538538051573878e-01 0.000000000000000000e+00 -7.356958866119384766e+00 -9.863538538051573878e-01 1.646392270502815280e-01 0.000000000000000000e+00 6.640735626220703125e+00 0.000000000000000000e+00 0.000000000000000000e+00 1.000000000000000000e+00 0.000000000000000000e+00
6.664864417754793324e-01 7.455171513315173026e-01 0.000000000000000000e+00 -7.764862537384033203e+00 -7.455171513315173026e-01 6.664864417754793324e-01 0.000000000000000000e+00 6.495611667633056641e+00 0.000000000000000000e+00 0.000000000000000000e+00 1.000000000000000000e+00 0.000000000000000000e+00
8.653915221023401605e-01 5.010963115743269913e-01 0.000000000000000000e+00 -8.103772163391113281e+00 -5.010963115743269913e-01 8.653915221023401605e-01 0.000000000000000000e+00 6.266151428222656250e+00 0.000000000000000000e+00 0.000000000000000000e+00 1.000000000000000000e+00 0.000000000000000000e+00
9.487784228182516433e-01 3.159422485115134793e-01 0.000000000000000000e+00 -8.199637413024902344e+00 -3.159422485115134793e-01 9.487784228182516433e-01 0.000000000000000000e+00 5.911627292633056641e+00 0.000000000000000000e+00 0.000000000000000000e+00 1.000000000000000000e+00 0.000000000000000000e+00
9.997189856658320606e-01 2.370547825461182673e-02 0.000000000000000000e+00 -8.196473121643066406e+00 -2.370547825461182673e-02 9.997189856658320606e-01 0.000000000000000000e+00 5.932123184204101562e+00 0.000000000000000000e+00 0.000000000000000000e+00 1.000000000000000000e+00 0.000000000000000000e+00
9.989398699467741949e-01 4.603407684229012670e-02 0.000000000000000000e+00 -8.231349945068359375e+00 -4.603407684229012670e-02 9.989398699467741949e-01 0.000000000000000000e+00 5.420292854309082031e+00 0.000000000000000000e+00 0.000000000000000000e+00 1.000000000000000000e+00 0.000000000000000000e+00
9.935508830043860984e-01 -1.133871371946778839e-01 0.000000000000000000e+00 -8.308095932006835938e+00 1.133871371946778839e-01 9.935508830043860984e-01 0.000000000000000000e+00 4.900390148162841797e+00 0.000000000000000000e+00 0.000000000000000000e+00 1.000000000000000000e+00 0.000000000000000000e+00
9.565513547347982426e-01 -2.915638965218809164e-01 0.000000000000000000e+00 -8.213153839111328125e+00 2.915638965218809164e-01 9.565513547347982426e-01 0.000000000000000000e+00 4.395639896392822266e+00 0.000000000000000000e+00 0.000000000000000000e+00 1.000000000000000000e+00 0.000000000000000000e+00
9.139227226280106642e-01 -4.058882322317368674e-01 0.000000000000000000e+00 -8.104301452636718750e+00 4.058882322317368674e-01 9.139227226280106642e-01 0.000000000000000000e+00 3.997941732406616211e+00 0.000000000000000000e+00 0.000000000000000000e+00 1.000000000000000000e+00 0.000000000000000000e+00
8.536845671473062280e-01 -5.207904183205720461e-01 0.000000000000000000e+00 -7.860997200012207031e+00 5.207904183205720461e-01 8.536845671473062280e-01 0.000000000000000000e+00 3.465803384780883789e+00 0.000000000000000000e+00 0.000000000000000000e+00 1.000000000000000000e+00 0.000000000000000000e+00
8.761806659619399973e-01 -4.819828218873482562e-01 0.000000000000000000e+00 -7.534205436706542969e+00 4.819828218873482562e-01 8.761806659619399973e-01 0.000000000000000000e+00 2.933992624282836914e+00 0.000000000000000000e+00 0.000000000000000000e+00 1.000000000000000000e+00 0.000000000000000000e+00
8.435019450083441894e-01 -5.371261199822070509e-01 0.000000000000000000e+00 -7.130319595336914062e+00 5.371261199822070509e-01 8.435019450083441894e-01 0.000000000000000000e+00 2.354175567626953125e+00 0.000000000000000000e+00 0.000000000000000000e+00 1.000000000000000000e+00 0.000000000000000000e+00
7.830827904246120408e-01 -6.219174730949461605e-01 0.000000000000000000e+00 -6.881052970886230469e+00 6.219174730949461605e-01 7.830827904246120408e-01 0.000000000000000000e+00 1.992942094802856445e+00 0.000000000000000000e+00 0.000000000000000000e+00 1.000000000000000000e+00 0.000000000000000000e+00
6.519933150454474413e-01 -7.582247141422178149e-01 0.000000000000000000e+00 -6.516537666320800781e+00 7.582247141422178149e-01 6.519933150454474413e-01 0.000000000000000000e+00 1.561338305473327637e+00 0.000000000000000000e+00 0.000000000000000000e+00 1.000000000000000000e+00 0.000000000000000000e+00
6.880067572568870915e-01 -7.257042799714377157e-01 0.000000000000000000e+00 -6.055506229400634766e+00 7.257042799714377157e-01 6.880067572568870915e-01 0.000000000000000000e+00 1.132495641708374023e+00 0.000000000000000000e+00 0.000000000000000000e+00 1.000000000000000000e+00 0.000000000000000000e+00
7.452820189331862410e-01 -6.667493623955510484e-01 0.000000000000000000e+00 -5.683861732482910156e+00 6.667493623955510484e-01 7.452820189331862410e-01 0.000000000000000000e+00 8.708681464195251465e-01 0.000000000000000000e+00 0.000000000000000000e+00 1.000000000000000000e+00 0.000000000000000000e+00
7.296261789339789638e-01 -6.838462100605672278e-01 0.000000000000000000e+00 -5.349997043609619141e+00 6.838462100605672278e-01 7.296261789339789638e-01 0.000000000000000000e+00 4.225491881370544434e-01 0.000000000000000000e+00 0.000000000000000000e+00 1.000000000000000000e+00 0.000000000000000000e+00
6.268254146863260212e-01 -7.791597394009237565e-01 0.000000000000000000e+00 -5.022535800933837891e+00 7.791597394009237565e-01 6.268254146863260212e-01 0.000000000000000000e+00 1.361689269542694092e-01 0.000000000000000000e+00 0.000000000000000000e+00 1.000000000000000000e+00 0.000000000000000000e+00
5.561674441065299623e-01 -8.310702582309210662e-01 0.000000000000000000e+00 -4.536611557006835938e+00 8.310702582309210662e-01 5.561674441065299623e-01 0.000000000000000000e+00 -2.776222527027130127e-01 0.000000000000000000e+00 0.000000000000000000e+00 1.000000000000000000e+00 0.000000000000000000e+00
3.594608327067727038e-01 -9.331601736838931460e-01 0.000000000000000000e+00 -4.208404541015625000e+00 9.331601736838931460e-01 3.594608327067727038e-01 0.000000000000000000e+00 -7.379217147827148438e-01 0.000000000000000000e+00 0.000000000000000000e+00 1.000000000000000000e+00 0.000000000000000000e+00
4.166726282240573731e-01 -9.090566103873050086e-01 0.000000000000000000e+00 -3.690058469772338867e+00 9.090566103873050086e-01 4.166726282240573731e-01 0.000000000000000000e+00 -9.123190045356750488e-01 0.000000000000000000e+00 0.000000000000000000e+00 1.000000000000000000e+00 0.000000000000000000e+00
5.652157732114428956e-01 -8.249431069552558560e-01 0.000000000000000000e+00 -3.177558422088623047e+00 8.249431069552558560e-01 5.652157732114428956e-01 0.000000000000000000e+00 -1.111994624137878418e+00 0.000000000000000000e+00 0.000000000000000000e+00 1.000000000000000000e+00 0.000000000000000000e+00
4.722777605131674439e-01 -8.814497812834644064e-01 0.000000000000000000e+00 -2.587305545806884766e+00 8.814497812834644064e-01 4.722777605131674439e-01 0.000000000000000000e+00 -1.488049268722534180e+00 0.000000000000000000e+00 0.000000000000000000e+00 1.000000000000000000e+00 0.000000000000000000e+00
4.480488626016759235e-01 -8.940090697086604532e-01 0.000000000000000000e+00 -2.120754241943359375e+00 8.940090697086604532e-01 4.480488626016759235e-01 0.000000000000000000e+00 -1.517157673835754395e+00 0.000000000000000000e+00 0.000000000000000000e+00 1.000000000000000000e+00 0.000000000000000000e+00
3.350641646194956191e-01 -9.421953118052750487e-01 0.000000000000000000e+00 -2.142961263656616211e+00 9.421953118052750487e-01 3.350641646194956191e-01 0.000000000000000000e+00 -1.575346946716308594e+00 0.000000000000000000e+00 0.000000000000000000e+00 1.000000000000000000e+00 0.000000000000000000e+00
2.588925307396339748e-01 -9.659061328758751230e-01 0.000000000000000000e+00 -1.665483713150024414e+00 9.659061328758751230e-01 2.588925307396339748e-01 0.000000000000000000e+00 -1.647957444190979004e+00 0.000000000000000000e+00 0.000000000000000000e+00 1.000000000000000000e+00 0.000000000000000000e+00
1.276366684755642911e-01 -9.918209923471366096e-01 0.000000000000000000e+00 -1.270639300346374512e+00 9.918209923471366096e-01 1.276366684755642911e-01 0.000000000000000000e+00 -1.513892769813537598e+00 0.000000000000000000e+00 0.000000000000000000e+00 1.000000000000000000e+00 0.000000000000000000e+00
-5.824038411320190539e-02 -9.983025882258077521e-01 0.000000000000000000e+00 -8.332725763320922852e-01 9.983025882258077521e-01 -5.824038411320190539e-02 0.000000000000000000e+00 -1.379902601242065430e+00 0.000000000000000000e+00 0.000000000000000000e+00 1.000000000000000000e+00 0.000000000000000000e+00
-2.665264898533476479e-01 -9.638275936112502551e-01 0.000000000000000000e+00 -3.472021520137786865e-01 9.638275936112502551e-01 -2.665264898533476479e-01 0.000000000000000000e+00 -1.314655780792236328e+00 0.000000000000000000e+00 0.000000000000000000e+00 1.000000000000000000e+00 0.000000000000000000e+00
-4.177407113642928604e-01 -9.085662871078007408e-01 0.000000000000000000e+00 -1.127399280667304993e-01 9.085662871078007408e-01 -4.177407113642928604e-01 0.000000000000000000e+00 -1.044565677642822266e+00 0.000000000000000000e+00 0.000000000000000000e+00 1.000000000000000000e+00 0.000000000000000000e+00
-5.395701042597726982e-01 -8.419406764072502325e-01 0.000000000000000000e+00 1.668011546134948730e-01 8.419406764072502325e-01 -5.395701042597726982e-01 0.000000000000000000e+00 -8.048819303512573242e-01 0.000000000000000000e+00 0.000000000000000000e+00 1.000000000000000000e+00 0.000000000000000000e+00
-6.792055860216636987e-01 -7.339480716760337087e-01 0.000000000000000000e+00 4.231043159961700439e-01 7.339480716760337087e-01 -6.792055860216636987e-01 0.000000000000000000e+00 -6.371941566467285156e-01 0.000000000000000000e+00 0.000000000000000000e+00 1.000000000000000000e+00 0.000000000000000000e+00
-8.050143318603242282e-01 -5.932553628071773888e-01 0.000000000000000000e+00 6.586993932723999023e-01 5.932553628071773888e-01 -8.050143318603242282e-01 0.000000000000000000e+00 -2.512874603271484375e-01 0.000000000000000000e+00 0.000000000000000000e+00 1.000000000000000000e+00 0.000000000000000000e+00
-8.655562691638970518e-01 -5.008116860767881651e-01 0.000000000000000000e+00 8.813461661338806152e-01 5.008116860767881651e-01 -8.655562691638970518e-01 0.000000000000000000e+00 1.964294910430907856e-02 0.000000000000000000e+00 0.000000000000000000e+00 1.000000000000000000e+00 0.000000000000000000e+00
9.236885988532855807e-01 3.831440621338847441e-01 0.000000000000000000e+00 1.075292468070983887e+00 -3.831440621338847441e-01 9.236885988532855807e-01 0.000000000000000000e+00 4.505312144756317139e-01 0.000000000000000000e+00 0.000000000000000000e+00 1.000000000000000000e+00 0.000000000000000000e+00
9.530238367027553670e-01 3.028953064614237634e-01 0.000000000000000000e+00 1.148468136787414551e+00 -3.028953064614237634e-01 9.530238367027553670e-01 0.000000000000000000e+00 8.385607600212097168e-01 0.000000000000000000e+00 0.000000000000000000e+00 1.000000000000000000e+00 0.000000000000000000e+00
9.705842405128906059e-01 2.407617745158384115e-01 0.000000000000000000e+00 1.242531299591064453e+00 -2.407617745158384115e-01 9.705842405128906059e-01 0.000000000000000000e+00 1.292964816093444824e+00 0.000000000000000000e+00 0.000000000000000000e+00 1.000000000000000000e+00 0.000000000000000000e+00
9.946501754579926136e-01 1.033006701884576078e-01 0.000000000000000000e+00 1.307254910469055176e+00 -1.033006701884576078e-01 9.946501754579926136e-01 0.000000000000000000e+00 1.874522089958190918e+00 0.000000000000000000e+00 0.000000000000000000e+00 1.000000000000000000e+00 0.000000000000000000e+00
9.878949328751600589e-01 -1.551244713112119866e-01 0.000000000000000000e+00 1.218791007995605469e+00 1.551244713112119866e-01 9.878949328751600589e-01 0.000000000000000000e+00 2.119539260864257812e+00 0.000000000000000000e+00 0.000000000000000000e+00 1.000000000000000000e+00 0.000000000000000000e+00
9.504564689845615977e-01 -3.108576853889879477e-01 0.000000000000000000e+00 1.088217616081237793e+00 3.108576853889879477e-01 9.504564689845615977e-01 0.000000000000000000e+00 2.470342159271240234e+00 0.000000000000000000e+00 0.000000000000000000e+00 1.000000000000000000e+00 0.000000000000000000e+00
8.683033593136829653e-01 -4.960335434268262067e-01 0.000000000000000000e+00 7.082130908966064453e-01 4.960335434268262067e-01 8.683033593136829653e-01 0.000000000000000000e+00 2.915365457534790039e+00 0.000000000000000000e+00 0.000000000000000000e+00 1.000000000000000000e+00 0.000000000000000000e+00
8.277067269786011483e-01 -5.611609164173601005e-01 0.000000000000000000e+00 4.060365557670593262e-01 5.611609164173601005e-01 8.277067269786011483e-01 0.000000000000000000e+00 3.429613590240478516e+00 0.000000000000000000e+00 0.000000000000000000e+00 1.000000000000000000e+00 0.000000000000000000e+00
7.637805961258479215e-01 -6.454759491891579604e-01 0.000000000000000000e+00 3.077058792114257812e-01 6.454759491891579604e-01 7.637805961258479215e-01 0.000000000000000000e+00 3.668990373611450195e+00 0.000000000000000000e+00 0.000000000000000000e+00 1.000000000000000000e+00 0.000000000000000000e+00
-6.800973418777059853e-01 7.331218217805814952e-01 0.000000000000000000e+00 -1.693916767835617065e-01 -7.331218217805814952e-01 -6.800973418777059853e-01 0.000000000000000000e+00 3.931730985641479492e+00 0.000000000000000000e+00 0.000000000000000000e+00 1.000000000000000000e+00 0.000000000000000000e+00
