9.999999950897112688e-01 9.909882630532871803e-05 0.000000000000000000e+00 -8.000001907348632812e+00 -9.909882630532871803e-05 9.999999950897112688e-01 0.000000000000000000e+00 4.999995708465576172e+00 0.000000000000000000e+00 0.000000000000000000e+00 1.000000000000000000e+00 0.000000000000000000e+00
9.972792611857063116e-01 -7.371618010241505481e-02 0.000000000000000000e+00 -8.011395454406738281e+00 7.371618010241505481e-02 9.972792611857063116e-01 0.000000000000000000e+00 4.603879928588867188e+00 0.000000000000000000e+00 0.000000000000000000e+00 1.000000000000000000e+00 0.000000000000000000e+00
9.886255215398260798e-01 -1.503980656794057236e-01 0.000000000000000000e+00 -7.989572048187255859e+00 1.503980656794057236e-01 9.886255215398260798e-01 0.000000000000000000e+00 4.208988189697265625e+00 0.000000000000000000e+00 0.000000000000000000e+00 1.000000000000000000e+00 0.000000000000000000e+00
9.631065406030283604e-01 -2.691204032541331670e-01 0.000000000000000000e+00 -7.905283927917480469e+00 2.691204032541331670e-01 9.631065406030283604e-01 0.000000000000000000e+00 3.874473810195922852e+00 0.000000000000000000e+00 0.000000000000000000e+00 1.000000000000000000e+00 0.000000000000000000e+00
9.310833551542789799e-01 -3.648065045399421780e-01 0.000000000000000000e+00 -7.767571449279785156e+00 3.648065045399421780e-01 9.310833551542789799e-01 0.000000000000000000e+00 3.551442623138427734e+00 0.000000000000000000e+00 0.000000000000000000e+00 1.000000000000000000e+00 0.000000000000000000e+00
8.573719750531005879e-01 -5.146972861727031612e-01 0.000000000000000000e+00 -7.585889816284179688e+00 5.146972861727031612e-01 8.573719750531005879e-01 0.000000000000000000e+00 3.086004257202148438e+00 0.000000000000000000e+00 0.000000000000000000e+00 1.000000000000000000e+00 0.000000000000000000e+00
8.773550840550788932e-01 -4.798416993996096891e-01 0.000000000000000000e+00 -7.162912368774414062e+00 4.798416993996096891e-01 8.773550840550788932e-01 0.000000000000000000e+00 2.707380533218383789e+00 0.000000000000000000e+00 0.000000000000000000e+00 1.000000000000000000e+00 0.000000000000000000e+00
8.680713494754771498e-01 -4.964394547372559807e-01 0.000000000000000000e+00 -6.916573524475097656e+00 4.964394547372559807e-01 8.680713494754771498e-01 0.000000000000000000e+00 2.301105022430419922e+00 0.000000000000000000e+00 0.000000000000000000e+00 1.000000000000000000e+00 0.000000000000000000e+00
7.808498019351426400e-01 -6.247188061983155460e-01 0.000000000000000000e+00 -6.662188053131103516e+00 6.247188061983155460e-01 7.808498019351426400e-01 0.000000000000000000e+00 1.961133837699890137e+00 0.000000000000000000e+00 0.000000000000000000e+00 1.000000000000000000e+00 0.000000000000000000e+00
7.106709741544295911e-01 -7.035245315512416164e-01 0.000000000000000000e+00 -6.372104644775390625e+00 7.035245315512416164e-01 7.106709741544295911e-01 0.000000000000000000e+00 1.563064098358154297e+00 0.000000000000000000e+00 0.000000000000000000e+00 1.000000000000000000e+00 0.000000000000000000e+00
6.747361106691851518e-01 -7.380590633269271672e-01 0.000000000000000000e+00 -5.973948478698730469e+00 7.380590633269271672e-01 6.747361106691851518e-01 0.000000000000000000e+00 1.329797625541687012e+00 0.000000000000000000e+00 0.000000000000000000e+00 1.000000000000000000e+00 0.000000000000000000e+00
7.715533210907377093e-01 -6.361646584916934577e-01 0.000000000000000000e+00 -5.731270790100097656e+00 6.361646584916934577e-01 7.715533210907377093e-01 0.000000000000000000e+00 1.007559418678283691e+00 0.000000000000000000e+00 0.000000000000000000e+00 1.000000000000000000e+00 0.000000000000000000e+00
7.498980223258773226e-01 -6.615534416143097340e-01 0.000000000000000000e+00 -5.391645908355712891e+00 6.615534416143097340e-01 7.498980223258773226e-01 0.000000000000000000e+00 7.304766178131103516e-01 0.000000000000000000e+00 0.000000000000000000e+00 1.000000000000000000e+00 0.000000000000000000e+00
7.036582163179776472e-01 -7.105386088089810093e-01 0.000000000000000000e+00 -5.128517150878906250e+00 7.105386088089810093e-01 7.036582163179776472e-01 0.000000000000000000e+00 1.938922256231307983e-01 0.000000000000000000e+00 0.000000000000000000e+00 1.000000000000000000e+00 0.000000000000000000e+00
5.513217401981239663e-01 -8.342927176866116179e-01 0.000000000000000000e+00 -4.789884090423583984e+00 8.342927176866116179e-01 5.513217401981239663e-01 0.000000000000000000e+00 6.661929190158843994e-02 0.000000000000000000e+00 0.000000000000000000e+00 1.000000000000000000e+00 0.000000000000000000e+00
5.494730052554759325e-01 -8.355114699963823721e-01 0.000000000000000000e+00 -4.383933544158935547e+00 8.355114699963823721e-01 5.494730052554759325e-01 0.000000000000000000e+00 -2.192890346050262451e-01 0.000000000000000000e+00 0.000000000000000000e+00 1.000000000000000000e+00 0.000000000000000000e+00
4.465642004288014055e-01 -8.947515939607960656e-01 0.000000000000000000e+00 -4.195825576782226562e+00 8.947515939607960656e-01 4.465642004288014055e-01 0.000000000000000000e+00 -4.476015865802764893e-01 0.000000000000000000e+00 0.000000000000000000e+00 1.000000000000000000e+00 0.000000000000000000e+00
4.194350565771234884e-01 -9.077853453951243434e-01 0.000000000000000000e+00 -3.611690521240234375e+00 9.077853453951243434e-01 4.194350565771234884e-01 0.000000000000000000e+00 -6.240997910499572754e-01 0.000000000000000000e+00 0.000000000000000000e+00 1.000000000000000000e+00 0.000000000000000000e+00
4.805662458857988262e-01 -8.769584273585777634e-01 0.000000000000000000e+00 -3.256887197494506836e+00 8.769584273585777634e-01 4.805662458857988262e-01 0.000000000000000000e+00 -9.235385656356811523e-01 0.000000000000000000e+00 0.000000000000000000e+00 1.000000000000000000e+00 0.000000000000000000e+00
4.683830129073331960e-01 -8.835255249396301025e-01 0.000000000000000000e+00 -2.897566795349121094e+00 8.835255249396301025e-01 4.683830129073331960e-01 0.000000000000000000e+00 -9.143808484077453613e-01 0.000000000000000000e+00 0.000000000000000000e+00 1.000000000000000000e+00 0.000000000000000000e+00
3.423844123395675121e-01 -9.395599577392009794e-01 0.000000000000000000e+00 -2.974375963211059570e+00 9.395599577392009794e-01 3.423844123395675121e-01 0.000000000000000000e+00 -1.032209038734436035e+00 0.000000000000000000e+00 0.000000000000000000e+00 1.000000000000000000e+00 0.000000000000000000e+00
2.331418205294666091e-01 -9.724427445974420658e-01 0.000000000000000000e+00 -2.684888839721679688e+00 9.724427445974420658e-01 2.331418205294666091e-01 0.000000000000000000e+00 -1.021345019340515137e+00 0.000000000000000000e+00 0.000000000000000000e+00 1.000000000000000000e+00 0.000000000000000000e+00
1.081343271032679659e-01 -9.941362921158866106e-01 0.000000000000000000e+00 -2.197170734405517578e+00 9.941362921158866106e-01 1.081343271032679659e-01 0.000000000000000000e+00 -1.024454951286315918e+00 0.000000000000000000e+00 0.000000000000000000e+00 1.000000000000000000e+00 0.000000000000000000e+00
-1.102210217561046396e-01 -9.939071014753040334e-01 0.000000000000000000e+00 -1.781870126724243164e+00 9.939071014753040334e-01 -1.102210217561046396e-01 0.000000000000000000e+00 -9.280018806457519531e-01 0.000000000000000000e+00 0.000000000000000000e+00 1.000000000000000000e+00 0.000000000000000000e+00
-2.699365704530031218e-01 -9.628781064766561704e-01 0.000000000000000000e+00 -1.346277475357055664e+00 9.628781064766561704e-01 -2.699365704530031218e-01 0.000000000000000000e+00 -8.452337980270385742e-01 0.000000000000000000e+00 0.000000000000000000e+00 1.000000000000000000e+00 0.000000000000000000e+00
-4.047373501829802933e-01 -9.144329813424598719e-01 0.000000000000000000e+00 -1.035371303558349609e+00 9.144329813424598719e-01 -4.047373501829802933e-01 0.000000000000000000e+00 -6.525138020515441895e-01 0.000000000000000000e+00 0.000000000000000000e+00 1.000000000000000000e+00 0.000000000000000000e+00
-5.540479654618580829e-01 -8.324847457867174949e-01 0.000000000000000000e+00 -8.633499741554260254e-01 8.324847457867174949e-01 -5.540479654618580829e-01 0.000000000000000000e+00 -4.090577363967895508e-01 0.000000000000000000e+00 0.000000000000000000e+00 1.000000000000000000e+00 0.000000000000000000e+00
-6.369414313844846687e-01 -7.709121953801767457e-01 0.000000000000000000e+00 -7.006327509880065918e-01 7.709121953801767457e-01 -6.369414313844846687e-01 0.000000000000000000e+00 -1.966654360294342041e-01 0.000000000000000000e+00 0.000000000000000000e+00 1.000000000000000000e+00 0.000000000000000000e+00
-7.895009657841911554e-01 -6.137493177396039501e-01 0.000000000000000000e+00 -4.497076869010925293e-01 6.137493177396039501e-01 -7.895009657841911554e-01 0.000000000000000000e+00 1.566127240657806396e-01 0.000000000000000000e+00 0.000000000000000000e+00 1.000000000000000000e+00 0.000000000000000000e+00
-8.911619650293233219e-01 -4.536853007152370498e-01 0.000000000000000000e+00 -1.222859546542167664e-01 4.536853007152370498e-01 -8.911619650293233219e-01 0.000000000000000000e+00 5.582714080810546875e-01 0.000000000000000000e+00 0.000000000000000000e+00 1.000000000000000000e+00 0.000000000000000000e+00
9.234209964222802602e-01 3.837885659663183846e-01 0.000000000000000000e+00 1.215152069926262075e-02 -3.837885659663183846e-01 9.234209964222802602e-01 0.000000000000000000e+00 8.757528066635131836e-01 0.000000000000000000e+00 0.000000000000000000e+00 1.000000000000000000e+00 0.000000000000000000e+00
9.560154012680917024e-01 2.933164716448936060e-01 0.000000000000000000e+00 1.308817714452743530e-01 -2.933164716448936060e-01 9.560154012680917024e-01 0.000000000000000000e+00 1.388399124145507812e+00 0.000000000000000000e+00 0.000000000000000000e+00 1.000000000000000000e+00 0.000000000000000000e+00
9.708125246842788103e-01 2.398396170696922569e-01 0.000000000000000000e+00 2.115028500556945801e-01 -2.398396170696922569e-01 9.708125246842788103e-01 0.000000000000000000e+00 1.781779289245605469e+00 0.000000000000000000e+00 0.000000000000000000e+00 1.000000000000000000e+00 0.000000000000000000e+00
9.999748525009699573e-01 7.091852061587458275e-03 0.000000000000000000e+00 3.491520583629608154e-01 -7.091852061587458275e-03 9.999748525009699573e-01 0.000000000000000000e+00 2.018881320953369141e+00 0.000000000000000000e+00 0.000000000000000000e+00 1.000000000000000000e+00 0.000000000000000000e+00
9.800386509658881584e-01 -1.988070487003971987e-01 0.000000000000000000e+00 1.347233802080154419e-01 1.988070487003971987e-01 9.800386509658881584e-01 0.000000000000000000e+00 2.460746526718139648e+00 0.000000000000000000e+00 0.000000000000000000e+00 1.000000000000000000e+00 0.000000000000000000e+00
9.383552835086869104e-01 -3.456723331586312176e-01 0.000000000000000000e+00 -1.957032456994057049e-02 3.456723331586312176e-01 9.383552835086869104e-01 0.000000000000000000e+00 2.923928260803222656e+00 0.000000000000000000e+00 0.000000000000000000e+00 1.000000000000000000e+00 0.000000000000000000e+00
8.656337372979476807e-01 -5.006777734747046571e-01 0.000000000000000000e+00 -2.754335999488830566e-01 5.006777734747046571e-01 8.656337372979476807e-01 0.000000000000000000e+00 3.217012405395507812e+00 0.000000000000000000e+00 0.000000000000000000e+00 1.000000000000000000e+00 0.000000000000000000e+00
7.723898145284657790e-01 -6.351487813203158250e-01 0.000000000000000000e+00 -4.211297929286956787e-01 6.351487813203158250e-01 7.723898145284657790e-01 0.000000000000000000e+00 3.661435604095458984e+00 0.000000000000000000e+00 0.000000000000000000e+00 1.000000000000000000e+00 0.000000000000000000e+00
7.673549689095819915e-01 -6.412225445894540465e-01 0.000000000000000000e+00 -5.993862748146057129e-01 6.412225445894540465e-01 7.673549689095819915e-01 0.000000000000000000e+00 4.058798313140869141e+00 0.000000000000000000e+00 0.000000000000000000e+00 1.000000000000000000e+00 0.000000000000000000e+00
7.513338499880024557e-01 -6.599223028980046868e-01 0.000000000000000000e+00 -9.293574094772338867e-01 6.599223028980046868e-01 7.513338499880024557e-01 0.000000000000000000e+00 4.518798351287841797e+00 0.000000000000000000e+00 0.000000000000000000e+00 1.000000000000000000e+00 0.000000000000000000e+00
-7.623600265184059532e-01 6.471531425921189795e-01 0.000000000000000000e+00 -8.417646884918212891e-01 -6.471531425921189795e-01 -7.623600265184059532e-01 0.000000000000000000e+00 4.376881122589111328e+00 0.000000000000000000e+00 0.000000000000000000e+00 1.000000000000000000e+00 0.000000000000000000e+00
6.377107509555672848e-01 -7.702759233649241200e-01 0.000000000000000000e+00 -1.412248373031616211e+00 7.702759233649241200e-01 6.377107509555672848e-01 0.000000000000000000e+00 4.840256214141845703e+00 0.000000000000000000e+00 0.000000000000000000e+00 1.000000000000000000e+00 0.000000000000000000e+00
4.812506865179126403e-01 -8.765830118853763508e-01 0.000000000000000000e+00 -1.792112588882446289e+00 8.765830118853763508e-01 4.812506865179126403e-01 0.000000000000000000e+00 5.066402912139892578e+00 0.000000000000000000e+00 0.000000000000000000e+00 1.000000000000000000e+00 0.000000000000000000e+00
3.882542609122912047e-01 -9.215522930813261349e-01 0.000000000000000000e+00 -2.224874258041381836e+00 9.215522930813261349e-01 3.882542609122912047e-01 0.000000000000000000e+00 5.421677589416503906e+00 0.000000000000000000e+00 0.000000000000000000e+00 1.000000000000000000e+00 0.000000000000000000e+00
2.822965477212385221e-01 -9.593271908711180629e-01 0.000000000000000000e+00 -2.685689449310302734e+00 9.593271908711180629e-01 2.822965477212385221e-01 0.000000000000000000e+00 5.709823608398437500e+00 0.000000000000000000e+00 0.000000000000000000e+00 1.000000000000000000e+00 0.000000000000000000e+00
2.195647630108620296e-01 -9.755979268346074429e-01 0.000000000000000000e+00 -3.169873714447021484e+00 9.755979268346074429e-01 2.195647630108620296e-01 0.000000000000000000e+00 5.766286373138427734e+00 0.000000000000000000e+00 0.000000000000000000e+00 1.000000000000000000e+00 0.000000000000000000e+00
1.885883036806024482e-01 -9.820562365337703881e-01 0.000000000000000000e+00 -3.553117513656616211e+00 9.820562365337703881e-01 1.885883036806024482e-01 0.000000000000000000e+00 5.810594558715820312e+00 0.000000000000000000e+00 0.000000000000000000e+00 1.000000000000000000e+00 0.000000000000000000e+00
6.290191629669691920e-02 -9.980197136961791449e-01 0.000000000000000000e+00 -4.061602592468261719e+00 9.980197136961791449e-01 6.290191629669691920e-02 0.000000000000000000e+00 6.126113891601562500e+00 0.000000000000000000e+00 0.000000000000000000e+00 1.000000000000000000e+00 0.000000000000000000e+00
-6.549576920448513251e-02 -9.978528469751002383e-01 0.000000000000000000e+00 -4.534387588500976562e+00 9.978528469751002383e-01 -6.549576920448513251e-02 0.000000000000000000e+00 6.109573841094970703e+00 0.000000000000000000e+00 0.000000000000000000e+00 1.000000000000000000e+00 0.000000000000000000e+00
-9.449570481243595166e-02 -9.955252692784855029e-01 0.000000000000000000e+00 -5.110409259796142578e+00 9.955252692784855029e-01 -9.449570481243595166e-02 0.000000000000000000e+00 6.106997013092041016e+00 0.000000000000000000e+00 0.000000000000000000e+00 1.000000000000000000e+00 0.000000000000000000e+00
-1.790486272345211960e-01 -9.838402253849115597e-01 0.000000000000000000e+00 -5.555878162384033203e+00 9.838402253849115597e-01 -1.790486272345211960e-01 0.000000000000000000e+00 6.154954433441162109e+00 0.000000000000000000e+00 0.000000000000000000e+00 1.000000000000000000e+00 0.000000000000000000e+00
-1.519526180749651567e-01 -9.883877790928841112e-01 0.000000000000000000e+00 -5.998866081237792969e+00 9.883877790928841112e-01 -1.519526180749651567e-01 0.000000000000000000e+00 5.996393203735351562e+00 0.000000000000000000e+00 0.000000000000000000e+00 1.000000000000000000e+00 0.000000000000000000e+00
-3.451918630860755233e-01 -9.385321399180552859e-01 0.000000000000000000e+00 -6.461763858795166016e+00 9.385321399180552859e-01 -3.451918630860755233e-01 0.000000000000000000e+00 5.974979400634765625e+00 0.000000000000000000e+00 0.000000000000000000e+00 1.000000000000000000e+00 0.000000000000000000e+00
-3.952247000502180918e-01 -9.185844743246073252e-01 0.000000000000000000e+00 -6.749567508697509766e+00 9.185844743246073252e-01 -3.952247000502180918e-01 0.000000000000000000e+00 6.004703521728515625e+00 0.000000000000000000e+00 0.000000000000000000e+00 1.000000000000000000e+00 0.000000000000000000e+00
-4.947197370861395327e-01 -8.690525770846209141e-01 0.000000000000000000e+00 -7.063846111297607422e+00 8.690525770846209141e-01 -4.947197370861395327e-01 0.000000000000000000e+00 5.761774063110351562e+00 0.000000000000000000e+00 0.000000000000000000e+00 1.000000000000000000e+00 0.000000000000000000e+00
-5.793017086443240649e-01 -8.151132009492710884e-01 0.000000000000000000e+00 -7.598668098449707031e+00 8.151132009492710884e-01 -5.793017086443240649e-01 0.000000000000000000e+00 5.691349983215332031e+00 0.000000000000000000e+00 0.000000000000000000e+00 1.000000000000000000e+00 0.000000000000000000e+00
-6.775446732134513539e-01 -7.354816216603086154e-01 0.000000000000000000e+00 -8.077488899230957031e+00 7.354816216603086154e-01 -6.775446732134513539e-01 0.000000000000000000e+00 5.377211093902587891e+00 0.000000000000000000e+00 0.000000000000000000e+00 1.000000000000000000e+00 0.000000000000000000e+00
-7.396186387895170578e-01 -6.730262024283615307e-01 0.000000000000000000e+00 -8.298802375793457031e+00 6.730262024283615307e-01 -7.396186387895170578e-01 0.000000000000000000e+00 5.066758632659912109e+00 0.000000000000000000e+00 0.000000000000000000e+00 1.000000000000000000e+00 0.000000000000000000e+00
-9.466945543429980958e-01 -3.221326136505154869e-01 0.000000000000000000e+00 -8.637551307678222656e+00 3.221326136505154869e-01 -9.466945543429980958e-01 0.000000000000000000e+00 4.662459373474121094e+00 0.000000000000000000e+00 0.000000000000000000e+00 1.000000000000000000e+00 0.000000000000000000e+00
-9.747610654905599636e-01 -2.232506779468055036e-01 0.000000000000000000e+00 -8.785926818847656250e+00 2.232506779468055036e-01 -9.747610654905599636e-01 0.000000000000000000e+00 4.313223838806152344e+00 0.000000000000000000e+00 0.000000000000000000e+00 1.000000000000000000e+00 0.000000000000000000e+00
1.578157312971144866e-01 -9.874685792242490212e-01 0.000000000000000000e+00 -8.679183959960937500e+00 9.874685792242490212e-01 1.578157312971144866e-01 0.000000000000000000e+00 4.404607295989990234e+00 0.000000000000000000e+00 0.000000000000000000e+00 1.000000000000000000e+00 0.000000000000000000e+00
-9.716685274459877508e-01 2.363477792807578970e-01 0.000000000000000000e+00 -8.598992347717285156e+00 -2.363477792807578970e-01 -9.716685274459877508e-01 0.000000000000000000e+00 4.020383834838867188e+00 0.000000000000000000e+00 0.000000000000000000e+00 1.000000000000000000e+00 0.000000000000000000e+00
-8.459681552173001773e-01 5.332334201437846088e-01 0.000000000000000000e+00 -8.530601501464843750e+00 -5.332334201437846088e-01 -8.459681552173001773e-01 0.000000000000000000e+00 3.667657613754272461e+00 0.000000000000000000e+00 0.000000000000000000e+00 1.000000000000000000e+00 0.000000000000000000e+00
-6.475938134167953386e-01 7.619857300660510813e-01 0.000000000000000000e+00 -8.257070541381835938e+00 -7.619857300660510813e-01 -6.475938134167953386e-01 0.000000000000000000e+00 3.254597663879394531e+00 0.000000000000000000e+00 0.000000000000000000e+00 1.000000000000000000e+00 0.000000000000000000e+00
-3.243376682423941282e-01 9.459413707831404450e-01 0.000000000000000000e+00 -7.816114425659179688e+00 -9.459413707831404450e-01 -3.243376682423941282e-01 0.000000000000000000e+00 3.055622339248657227e+00 0.000000000000000000e+00 0.000000000000000000e+00 1.000000000000000000e+00 0.000000000000000000e+00
-3.851490446191217776e-02 9.992580258042913499e-01 0.000000000000000000e+00 -7.324052333831787109e+00 -9.992580258042913499e-01 -3.851490446191217776e-02 0.000000000000000000e+00 3.135090112686157227e+00 0.000000000000000000e+00 0.000000000000000000e+00 1.000000000000000000e+00 0.000000000000000000e+00
1.368717131382902463e-01 9.905887815549848652e-01 0.000000000000000000e+00 -6.687921047210693359e+00 -9.905887815549848652e-01 1.368717131382902463e-01 0.000000000000000000e+00 3.149766921997070312e+00 0.000000000000000000e+00 0.000000000000000000e+00 1.000000000000000000e+00 0.000000000000000000e+00
3.725224434511595906e-01 9.280231835063053047e-01 0.000000000000000000e+00 -6.177510738372802734e+00 -9.280231835063053047e-01 3.725224434511595906e-01 0.000000000000000000e+00 3.319105863571166992e+00 0.000000000000000000e+00 0.000000000000000000e+00 1.000000000000000000e+00 0.000000000000000000e+00
6.583000396188709580e-01 7.527556428468623606e-01 0.000000000000000000e+00 -6.011725425720214844e+00 -7.527556428468623606e-01 6.583000396188709580e-01 0.000000000000000000e+00 3.636384963989257812e+00 0.000000000000000000e+00 0.000000000000000000e+00 1.000000000000000000e+00 0.000000000000000000e+00
8.775498689188798718e-01 4.794853778380074316e-01 0.000000000000000000e+00 -5.822954654693603516e+00 -4.794853778380074316e-01 8.775498689188798718e-01 0.000000000000000000e+00 4.090335369110107422e+00 0.000000000000000000e+00 0.000000000000000000e+00 1.000000000000000000e+00 0.000000000000000000e+00
-9.917715881754800566e-01 -1.280199862829475288e-01 0.000000000000000000e+00 -5.615531921386718750e+00 1.280199862829475288e-01 -9.917715881754800566e-01 0.000000000000000000e+00 4.505369186401367188e+00 0.000000000000000000e+00 0.000000000000000000e+00 1.000000000000000000e+00 0.000000000000000000e+00
-9.926272659119748099e-01 1.212068932368024765e-01 0.000000000000000000e+00 -5.745861053466796875e+00 -1.212068932368024765e-01 -9.926272659119748099e-01 0.000000000000000000e+00 5.197547435760498047e+00 0.000000000000000000e+00 0.000000000000000000e+00 1.000000000000000000e+00 0.000000000000000000e+00
-8.881995706626544251e-01 4.594578573434960900e-01 0.000000000000000000e+00 -5.983205318450927734e+00 -4.594578573434960900e-01 -8.881995706626544251e-01 0.000000000000000000e+00 5.603729248046875000e+00 0.000000000000000000e+00 0.000000000000000000e+00 1.000000000000000000e+00 0.000000000000000000e+00
-7.212127519469501147e-01 6.927136251215989526e-01 0.000000000000000000e+00 -6.135976791381835938e+00 -6.927136251215989526e-01 -7.212127519469501147e-01 0.000000000000000000e+00 6.110012054443359375e+00 0.000000000000000000e+00 0.000000000000000000e+00 1.000000000000000000e+00 0.000000000000000000e+00
-4.942693735839622793e-01 8.693087980326194009e-01 0.000000000000000000e+00 -6.459012985229492188e+00 -8.693087980326194009e-01 -4.942693735839622793e-01 0.000000000000000000e+00 6.325314044952392578e+00 0.000000000000000000e+00 0.000000000000000000e+00 1.000000000000000000e+00 0.000000000000000000e+00
-1.256041597024566137e-01 9.920804378000001034e-01 0.000000000000000000e+00 -6.966544628143310547e+00 -9.920804378000001034e-01 -1.256041597024566137e-01 0.000000000000000000e+00 6.522040367126464844e+00 0.000000000000000000e+00 0.000000000000000000e+00 1.000000000000000000e+00 0.000000000000000000e+00
1.558150156414399301e-01 9.877862526380177810e-01 0.000000000000000000e+00 -7.347082138061523438e+00 -9.877862526380177810e-01 1.558150156414399301e-01 0.000000000000000000e+00 6.624365806579589844e+00 0.000000000000000000e+00 0.000000000000000000e+00 1.000000000000000000e+00 0.000000000000000000e+00
6.593796417588712044e-01 7.518101409491246834e-01 0.000000000000000000e+00 -7.756457328796386719e+00 -7.518101409491246834e-01 6.593796417588712044e-01 0.000000000000000000e+00 6.482773780822753906e+00 0.000000000000000000e+00 0.000000000000000000e+00 1.000000000000000000e+00 0.000000000000000000e+00
8.603189964913067200e-01 5.097560438839259245e-01 0.000000000000000000e+00 -8.097736358642578125e+00 -5.097560438839259245e-01 8.603189964913067200e-01 0.000000000000000000e+00 6.256414413452148438e+00 0.000000000000000000e+00 0.000000000000000000e+00 1.000000000000000000e+00 0.000000000000000000e+00
9.454059195981810992e-01 3.258951475378506490e-01 0.000000000000000000e+00 -8.197379112243652344e+00 -3.258951475378506490e-01 9.454059195981810992e-01 0.000000000000000000e+00 5.902739524841308594e+00 0.000000000000000000e+00 0.000000000000000000e+00 1.000000000000000000e+00 0.000000000000000000e+00
9.993985361801813738e-01 3.467803167584282420e-02 0.000000000000000000e+00 -8.194238662719726562e+00 -3.467803167584282420e-02 9.993985361801813738e-01 0.000000000000000000e+00 5.923064708709716797e+00 0.000000000000000000e+00 0.000000000000000000e+00 1.000000000000000000e+00 0.000000000000000000e+00
9.983956857038930321e-01 5.662203429631667423e-02 0.000000000000000000e+00 -8.233271598815917969e+00 -5.662203429631667423e-02 9.983956857038930321e-01 0.000000000000000000e+00 5.411422252655029297e+00 0.000000000000000000e+00 0.000000000000000000e+00 1.000000000000000000e+00 0.000000000000000000e+00
9.947343433107304067e-01 -1.024870052161250683e-01 0.000000000000000000e+00 -8.314074516296386719e+00 1.024870052161250683e-01 9.947343433107304067e-01 0.000000000000000000e+00 4.892136573791503906e+00 0.000000000000000000e+00 0.000000000000000000e+00 1.000000000000000000e+00 0.000000000000000000e+00
9.570945714510361579e-01 -2.897757431169101783e-01 0.000000000000000000e+00 -8.218058586120605469e+00 2.897757431169101783e-01 9.570945714510361579e-01 0.000000000000000000e+00 4.389070987701416016e+00 0.000000000000000000e+00 0.000000000000000000e+00 1.000000000000000000e+00 0.000000000000000000e+00
9.118970844048781554e-01 -4.104189413926732644e-01 0.000000000000000000e+00 -8.104080200195312500e+00 4.104189413926732644e-01 9.118970844048781554e-01 0.000000000000000000e+00 3.994160652160644531e+00 0.000000000000000000e+00 0.000000000000000000e+00 1.000000000000000000e+00 0.000000000000000000e+00
8.539234659752424905e-01 -5.203986109289964190e-01 0.000000000000000000e+00 -7.866249084472656250e+00 5.203986109289964190e-01 8.539234659752424905e-01 0.000000000000000000e+00 3.462629795074462891e+00 0.000000000000000000e+00 0.000000000000000000e+00 1.000000000000000000e+00 0.000000000000000000e+00
8.772621722352570428e-01 -4.800115427415035385e-01 0.000000000000000000e+00 -7.547424793243408203e+00 4.800115427415035385e-01 8.772621722352570428e-01 0.000000000000000000e+00 2.930509328842163086e+00 0.000000000000000000e+00 0.000000000000000000e+00 1.000000000000000000e+00 0.000000000000000000e+00
8.448334157681891554e-01 -5.350294380699570640e-01 0.000000000000000000e+00 -7.141098976135253906e+00 5.350294380699570640e-01 8.448334157681891554e-01 0.000000000000000000e+00 2.350982904434204102e+00 0.000000000000000000e+00 0.000000000000000000e+00 1.000000000000000000e+00 0.000000000000000000e+00
7.856831245361706184e-01 -6.186291520928189902e-01 0.000000000000000000e+00 -6.888974189758300781e+00 6.186291520928189902e-01 7.856831245361706184e-01 0.000000000000000000e+00 1.990325331687927246e+00 0.000000000000000000e+00 0.000000000000000000e+00 1.000000000000000000e+00 0.000000000000000000e+00
6.567357441613276281e-01 -7.541207876334315996e-01 0.000000000000000000e+00 -6.526556968688964844e+00 7.541207876334315996e-01 6.567357441613276281e-01 0.000000000000000000e+00 1.553541183471679688e+00 0.000000000000000000e+00 0.000000000000000000e+00 1.000000000000000000e+00 0.000000000000000000e+00
6.928441987231668264e-01 -7.210873153063038776e-01 0.000000000000000000e+00 -6.068572044372558594e+00 7.210873153063038776e-01 6.928441987231668264e-01 0.000000000000000000e+00 1.118239879608154297e+00 0.000000000000000000e+00 0.000000000000000000e+00 1.000000000000000000e+00 0.000000000000000000e+00
7.471516898861205735e-01 -6.646535581040052820e-01 0.000000000000000000e+00 -5.698508262634277344e+00 6.646535581040052820e-01 7.471516898861205735e-01 0.000000000000000000e+00 8.566927313804626465e-01 0.000000000000000000e+00 0.000000000000000000e+00 1.000000000000000000e+00 0.000000000000000000e+00
7.293454005213179103e-01 -6.841456619305558151e-01 0.000000000000000000e+00 -5.365868568420410156e+00 6.841456619305558151e-01 7.293454005213179103e-01 0.000000000000000000e+00 4.098221063613891602e-01 0.000000000000000000e+00 0.000000000000000000e+00 1.000000000000000000e+00 0.000000000000000000e+00
6.282484502902337953e-01 -7.780127792703148693e-01 0.000000000000000000e+00 -5.042232513427734375e+00 7.780127792703148693e-01 6.282484502902337953e-01 0.000000000000000000e+00 1.269102841615676880e-01 0.000000000000000000e+00 0.000000000000000000e+00 1.000000000000000000e+00 0.000000000000000000e+00
5.594867796332453347e-01 -8.288392747786632597e-01 0.000000000000000000e+00 -4.560920238494873047e+00 8.288392747786632597e-01 5.594867796332453347e-01 0.000000000000000000e+00 -2.842776179313659668e-01 0.000000000000000000e+00 0.000000000000000000e+00 1.000000000000000000e+00 0.000000000000000000e+00
3.609020911817695243e-01 -9.326037103618158852e-01 0.000000000000000000e+00 -4.233456611633300781e+00 9.326037103618158852e-01 3.609020911817695243e-01 0.000000000000000000e+00 -7.519209384918212891e-01 0.000000000000000000e+00 0.000000000000000000e+00 1.000000000000000000e+00 0.000000000000000000e+00
4.133473984134783397e-01 -9.105734062802456341e-01 0.000000000000000000e+00 -3.714039087295532227e+00 9.105734062802456341e-01 4.133473984134783397e-01 0.000000000000000000e+00 -9.331353902816772461e-01 0.000000000000000000e+00 0.000000000000000000e+00 1.000000000000000000e+00 0.000000000000000000e+00
5.634585685162747382e-01 -8.261443224797895279e-01 0.000000000000000000e+00 -3.200392007827758789e+00 8.261443224797895279e-01 5.634585685162747382e-01 0.000000000000000000e+00 -1.131886124610900879e+00 0.000000000000000000e+00 0.000000000000000000e+00 1.000000000000000000e+00 0.000000000000000000e+00
4.713969797266956419e-01 -8.819211345151840575e-01 0.000000000000000000e+00 -2.609011411666870117e+00 8.819211345151840575e-01 4.713969797266956419e-01 0.000000000000000000e+00 -1.507674694061279297e+00 0.000000000000000000e+00 0.000000000000000000e+00 1.000000000000000000e+00 0.000000000000000000e+00
4.459838614700973314e-01 -8.950410020262876687e-01 0.000000000000000000e+00 -2.142741680145263672e+00 8.950410020262876687e-01 4.459838614700973314e-01 0.000000000000000000e+00 -1.539777517318725586e+00 0.000000000000000000e+00 0.000000000000000000e+00 1.000000000000000000e+00 0.000000000000000000e+00
3.316136400838405329e-01 -9.434152816815853937e-01 0.000000000000000000e+00 -2.165041446685791016e+00 9.434152816815853937e-01 3.316136400838405329e-01 0.000000000000000000e+00 -1.601438403129577637e+00 0.000000000000000000e+00 0.000000000000000000e+00 1.000000000000000000e+00 0.000000000000000000e+00
2.597159534699215455e-01 -9.656850539970107672e-01 0.000000000000000000e+00 -1.685039281845092773e+00 9.656850539970107672e-01 2.597159534699215455e-01 0.000000000000000000e+00 -1.667182087898254395e+00 0.000000000000000000e+00 0.000000000000000000e+00 1.000000000000000000e+00 0.000000000000000000e+00
1.347343688861712407e-01 -9.908817537127450059e-01 0.000000000000000000e+00 -1.287556409835815430e+00 9.908817537127450059e-01 1.347343688861712407e-01 0.000000000000000000e+00 -1.528615236282348633e+00 0.000000000000000000e+00 0.000000000000000000e+00 1.000000000000000000e+00 0.000000000000000000e+00
-5.259807913061881335e-02 -9.986157629798205759e-01 0.000000000000000000e+00 -8.508285880088806152e-01 9.986157629798205759e-01 -5.259807913061881335e-02 0.000000000000000000e+00 -1.399316787719726562e+00 0.000000000000000000e+00 0.000000000000000000e+00 1.000000000000000000e+00 0.000000000000000000e+00
-2.631713786873974836e-01 -9.647490997351458875e-01 0.000000000000000000e+00 -3.659794628620147705e-01 9.647490997351458875e-01 -2.631713786873974836e-01 0.000000000000000000e+00 -1.338359951972961426e+00 0.000000000000000000e+00 0.000000000000000000e+00 1.000000000000000000e+00 0.000000000000000000e+00
-4.129601385054435525e-01 -9.107491004692592762e-01 0.000000000000000000e+00 -1.323851048946380615e-01 9.107491004692592762e-01 -4.129601385054435525e-01 0.000000000000000000e+00 -1.064934968948364258e+00 0.000000000000000000e+00 0.000000000000000000e+00 1.000000000000000000e+00 0.000000000000000000e+00
-5.322227623508946071e-01 -8.466043534234767298e-01 0.000000000000000000e+00 1.466819196939468384e-01 8.466043534234767298e-01 -5.322227623508946071e-01 0.000000000000000000e+00 -8.225705027580261230e-01 0.000000000000000000e+00 0.000000000000000000e+00 1.000000000000000000e+00 0.000000000000000000e+00
-6.758961942774227571e-01 -7.369968348380449008e-01 0.000000000000000000e+00 4.064331352710723877e-01 7.369968348380449008e-01 -6.758961942774227571e-01 0.000000000000000000e+00 -6.619302034378051758e-01 0.000000000000000000e+00 0.000000000000000000e+00 1.000000000000000000e+00 0.000000000000000000e+00
-8.060342167386921330e-01 -5.918689394168635820e-01 0.000000000000000000e+00 6.459886431694030762e-01 5.918689394168635820e-01 -8.060342167386921330e-01 0.000000000000000000e+00 -2.817532122135162354e-01 0.000000000000000000e+00 0.000000000000000000e+00 1.000000000000000000e+00 0.000000000000000000e+00
-8.658832481502750644e-01 -5.002461399878355142e-01 0.000000000000000000e+00 8.660671710968017578e-01 5.002461399878355142e-01 -8.658832481502750644e-01 0.000000000000000000e+00 -1.069542393088340933e-02 0.000000000000000000e+00 0.000000000000000000e+00 1.000000000000000000e+00 0.000000000000000000e+00
9.232052827299788156e-01 3.843071765391063432e-01 0.000000000000000000e+00 1.057622790336608887e+00 -3.843071765391063432e-01 9.232052827299788156e-01 0.000000000000000000e+00 4.200950860977172852e-01 0.000000000000000000e+00 0.000000000000000000e+00 1.000000000000000000e+00 0.000000000000000000e+00
9.516171195362147506e-01 3.072862798850568011e-01 0.000000000000000000e+00 1.133725047111511230e+00 -3.072862798850568011e-01 9.516171195362147506e-01 0.000000000000000000e+00 8.117141127586364746e-01 0.000000000000000000e+00 0.000000000000000000e+00 1.000000000000000000e+00 0.000000000000000000e+00
9.688530689872598689e-01 2.476362871510711661e-01 0.000000000000000000e+00 1.232508540153503418e+00 -2.476362871510711661e-01 9.688530689872598689e-01 0.000000000000000000e+00 1.269294381141662598e+00 0.000000000000000000e+00 0.000000000000000000e+00 1.000000000000000000e+00 0.000000000000000000e+00
9.936270468745211915e-01 1.127177524590424335e-01 0.000000000000000000e+00 1.301541328430175781e+00 -1.127177524590424335e-01 9.936270468745211915e-01 0.000000000000000000e+00 1.849509477615356445e+00 0.000000000000000000e+00 0.000000000000000000e+00 1.000000000000000000e+00 0.000000000000000000e+00
9.896731930661073484e-01 -1.433421463713145660e-01 0.000000000000000000e+00 1.215550541877746582e+00 1.433421463713145660e-01 9.896731930661073484e-01 0.000000000000000000e+00 2.094564199447631836e+00 0.000000000000000000e+00 0.000000000000000000e+00 1.000000000000000000e+00 0.000000000000000000e+00
9.518230850290564371e-01 -3.066477047130299893e-01 0.000000000000000000e+00 1.081823348999023438e+00 3.066477047130299893e-01 9.518230850290564371e-01 0.000000000000000000e+00 2.446023225784301758e+00 0.000000000000000000e+00 0.000000000000000000e+00 1.000000000000000000e+00 0.000000000000000000e+00
8.687722702092920413e-01 -4.952118158075318188e-01 0.000000000000000000e+00 6.965917944908142090e-01 4.952118158075318188e-01 8.687722702092920413e-01 0.000000000000000000e+00 2.890979528427124023e+00 0.000000000000000000e+00 0.000000000000000000e+00 1.000000000000000000e+00 0.000000000000000000e+00
8.277530493571401138e-01 -5.610925853011746733e-01 0.000000000000000000e+00 3.957124948501586914e-01 5.610925853011746733e-01 8.277530493571401138e-01 0.000000000000000000e+00 3.405642986297607422e+00 0.000000000000000000e+00 0.000000000000000000e+00 1.000000000000000000e+00 0.000000000000000000e+00
7.631443763467483654e-01 -6.462280254293623072e-01 0.000000000000000000e+00 2.982065975666046143e-01 6.462280254293623072e-01 7.631443763467483654e-01 0.000000000000000000e+00 3.645134687423706055e+00 0.000000000000000000e+00 0.000000000000000000e+00 1.000000000000000000e+00 0.000000000000000000e+00
-6.793747802591575402e-01 7.337914608032867214e-01 0.000000000000000000e+00 -1.791489124298095703e-01 -7.337914608032867214e-01 -6.793747802591575402e-01 0.000000000000000000e+00 3.907404422760009766e+00 0.000000000000000000e+00 0.000000000000000000e+00 1.000000000000000000e+00 0.000000000000000000e+00
