9.999999946162010378e-01 1.037670370308197061e-04 0.000000000000000000e+00 -8.000002861022949219e+00 -1.037670370308197061e-04 9.999999946162010378e-01 0.000000000000000000e+00 4.999995708465576172e+00 0.000000000000000000e+00 0.000000000000000000e+00 1.000000000000000000e+00 0.000000000000000000e+00
9.972763918109767145e-01 -7.375498855317691449e-02 0.000000000000000000e+00 -8.011385917663574219e+00 7.375498855317691449e-02 9.972763918109767145e-01 0.000000000000000000e+00 4.603886127471923828e+00 0.000000000000000000e+00 0.000000000000000000e+00 1.000000000000000000e+00 0.000000000000000000e+00
9.886141338897745934e-01 -1.504729021231754893e-01 0.000000000000000000e+00 -7.989531993865966797e+00 1.504729021231754893e-01 9.886141338897745934e-01 0.000000000000000000e+00 4.209002494812011719e+00 0.000000000000000000e+00 0.000000000000000000e+00 1.000000000000000000e+00 0.000000000000000000e+00
9.630747650366442425e-01 -2.692340932155740107e-01 0.000000000000000000e+00 -7.905213356018066406e+00 2.692340932155740107e-01 9.630747650366442425e-01 0.000000000000000000e+00 3.874502420425415039e+00 0.000000000000000000e+00 0.000000000000000000e+00 1.000000000000000000e+00 0.000000000000000000e+00
9.310267873996334043e-01 -3.649508475730915413e-01 0.000000000000000000e+00 -7.767452716827392578e+00 3.649508475730915413e-01 9.310267873996334043e-01 0.000000000000000000e+00 3.551494836807250977e+00 0.000000000000000000e+00 0.000000000000000000e+00 1.000000000000000000e+00 0.000000000000000000e+00
8.572697685750320096e-01 -5.148675012926249295e-01 0.000000000000000000e+00 -7.585696697235107422e+00 5.148675012926249295e-01 8.572697685750320096e-01 0.000000000000000000e+00 3.086090564727783203e+00 0.000000000000000000e+00 0.000000000000000000e+00 1.000000000000000000e+00 0.000000000000000000e+00
8.772431738989847627e-01 -4.800462621952551467e-01 0.000000000000000000e+00 -7.162636756896972656e+00 4.800462621952551467e-01 8.772431738989847627e-01 0.000000000000000000e+00 2.707560300827026367e+00 0.000000000000000000e+00 0.000000000000000000e+00 1.000000000000000000e+00 0.000000000000000000e+00
8.679359425066517364e-01 -4.966761517378201485e-01 0.000000000000000000e+00 -6.916203022003173828e+00 4.966761517378201485e-01 8.679359425066517364e-01 0.000000000000000000e+00 2.301348924636840820e+00 0.000000000000000000e+00 0.000000000000000000e+00 1.000000000000000000e+00 0.000000000000000000e+00
7.806570677540715097e-01 -6.249596327488801117e-01 0.000000000000000000e+00 -6.661721229553222656e+00 6.249596327488801117e-01 7.806570677540715097e-01 0.000000000000000000e+00 1.961454629898071289e+00 0.000000000000000000e+00 0.000000000000000000e+00 1.000000000000000000e+00 0.000000000000000000e+00
7.104292285044848665e-01 -7.037686489795651479e-01 0.000000000000000000e+00 -6.371513366699218750e+00 7.037686489795651479e-01 7.104292285044848665e-01 0.000000000000000000e+00 1.563478827476501465e+00 0.000000000000000000e+00 0.000000000000000000e+00 1.000000000000000000e+00 0.000000000000000000e+00
6.744591351243333088e-01 -7.383121799397165397e-01 0.000000000000000000e+00 -5.973276138305664062e+00 7.383121799397165397e-01 6.744591351243333088e-01 0.000000000000000000e+00 1.330355405807495117e+00 0.000000000000000000e+00 0.000000000000000000e+00 1.000000000000000000e+00 0.000000000000000000e+00
7.712953748806553600e-01 -6.364773717012327525e-01 0.000000000000000000e+00 -5.730478286743164062e+00 6.364773717012327525e-01 7.712953748806553600e-01 0.000000000000000000e+00 1.008211255073547363e+00 0.000000000000000000e+00 0.000000000000000000e+00 1.000000000000000000e+00 0.000000000000000000e+00
7.496123884049673558e-01 -6.618770785801546541e-01 0.000000000000000000e+00 -5.390739917755126953e+00 6.618770785801546541e-01 7.496123884049673558e-01 0.000000000000000000e+00 7.312707304954528809e-01 0.000000000000000000e+00 0.000000000000000000e+00 1.000000000000000000e+00 0.000000000000000000e+00
7.033355531844213138e-01 -7.108580024356229154e-01 0.000000000000000000e+00 -5.127377986907958984e+00 7.108580024356229154e-01 7.033355531844213138e-01 0.000000000000000000e+00 1.948022842407226562e-01 0.000000000000000000e+00 0.000000000000000000e+00 1.000000000000000000e+00 0.000000000000000000e+00
5.509279347175481956e-01 -8.345528208255346136e-01 0.000000000000000000e+00 -4.788683414459228516e+00 8.345528208255346136e-01 5.509279347175481956e-01 0.000000000000000000e+00 6.768714636564254761e-02 0.000000000000000000e+00 0.000000000000000000e+00 1.000000000000000000e+00 0.000000000000000000e+00
5.490701062581664349e-01 -8.357762968723424502e-01 0.000000000000000000e+00 -4.382594108581542969e+00 8.357762968723424502e-01 5.490701062581664349e-01 0.000000000000000000e+00 -2.180255502462387085e-01 0.000000000000000000e+00 0.000000000000000000e+00 1.000000000000000000e+00 0.000000000000000000e+00
4.461245895657774407e-01 -8.949708657742813100e-01 0.000000000000000000e+00 -4.194372653961181641e+00 8.949708657742813100e-01 4.461245895657774407e-01 0.000000000000000000e+00 -4.462433755397796631e-01 0.000000000000000000e+00 0.000000000000000000e+00 1.000000000000000000e+00 0.000000000000000000e+00
4.189854740518303422e-01 -9.079929363896852568e-01 0.000000000000000000e+00 -3.610146284103393555e+00 9.079929363896852568e-01 4.189854740518303422e-01 0.000000000000000000e+00 -6.224498152732849121e-01 0.000000000000000000e+00 0.000000000000000000e+00 1.000000000000000000e+00 0.000000000000000000e+00
4.801307709424660342e-01 -8.771969236119067093e-01 0.000000000000000000e+00 -3.255190134048461914e+00 8.771969236119067093e-01 4.801307709424660342e-01 0.000000000000000000e+00 -9.217082858085632324e-01 0.000000000000000000e+00 0.000000000000000000e+00 1.000000000000000000e+00 0.000000000000000000e+00
4.679455430833835972e-01 -8.837573019264944874e-01 0.000000000000000000e+00 -2.895868778228759766e+00 8.837573019264944874e-01 4.679455430833835972e-01 0.000000000000000000e+00 -9.123670458793640137e-01 0.000000000000000000e+00 0.000000000000000000e+00 1.000000000000000000e+00 0.000000000000000000e+00
3.419207849870715132e-01 -9.397287783152247220e-01 0.000000000000000000e+00 -2.972614288330078125e+00 9.397287783152247220e-01 3.419207849870715132e-01 0.000000000000000000e+00 -1.030228257179260254e+00 0.000000000000000000e+00 0.000000000000000000e+00 1.000000000000000000e+00 0.000000000000000000e+00
2.326643006272969827e-01 -9.725571053740806882e-01 0.000000000000000000e+00 -2.683126211166381836e+00 9.725571053740806882e-01 2.326643006272969827e-01 0.000000000000000000e+00 -1.019215941429138184e+00 0.000000000000000000e+00 0.000000000000000000e+00 1.000000000000000000e+00 0.000000000000000000e+00
1.076513849680042489e-01 -9.941887040770833739e-01 0.000000000000000000e+00 -2.195400953292846680e+00 9.941887040770833739e-01 1.076513849680042489e-01 0.000000000000000000e+00 -1.022080779075622559e+00 0.000000000000000000e+00 0.000000000000000000e+00 1.000000000000000000e+00 0.000000000000000000e+00
-1.106987322982258687e-01 -9.938540087294339687e-01 0.000000000000000000e+00 -1.780141472816467285e+00 9.938540087294339687e-01 -1.106987322982258687e-01 0.000000000000000000e+00 -9.254198670387268066e-01 0.000000000000000000e+00 0.000000000000000000e+00 1.000000000000000000e+00 0.000000000000000000e+00
-2.703922327458936348e-01 -9.627502482319547639e-01 0.000000000000000000e+00 -1.344583153724670410e+00 9.627502482319547639e-01 -2.703922327458936348e-01 0.000000000000000000e+00 -8.424364328384399414e-01 0.000000000000000000e+00 0.000000000000000000e+00 1.000000000000000000e+00 0.000000000000000000e+00
-4.051638579833788945e-01 -9.142440856707930719e-01 0.000000000000000000e+00 -1.033762335777282715e+00 9.142440856707930719e-01 -4.051638579833788945e-01 0.000000000000000000e+00 -6.495631933212280273e-01 0.000000000000000000e+00 0.000000000000000000e+00 1.000000000000000000e+00 0.000000000000000000e+00
-5.544303776074709367e-01 -8.322301102375695425e-01 0.000000000000000000e+00 -8.618494272232055664e-01 8.322301102375695425e-01 -5.544303776074709367e-01 0.000000000000000000e+00 -4.060210585594177246e-01 0.000000000000000000e+00 0.000000000000000000e+00 1.000000000000000000e+00 0.000000000000000000e+00
-6.372909530841746051e-01 -7.706232809337285605e-01 0.000000000000000000e+00 -6.992250680923461914e-01 7.706232809337285605e-01 -6.372909530841746051e-01 0.000000000000000000e+00 -1.935482621192932129e-01 0.000000000000000000e+00 0.000000000000000000e+00 1.000000000000000000e+00 0.000000000000000000e+00
-7.897755467036174926e-01 -6.133959453966109088e-01 0.000000000000000000e+00 -4.484551846981048584e-01 6.133959453966109088e-01 -7.897755467036174926e-01 0.000000000000000000e+00 1.598492562770843506e-01 0.000000000000000000e+00 0.000000000000000000e+00 1.000000000000000000e+00 0.000000000000000000e+00
-8.913622034418262619e-01 -4.532917628584621772e-01 0.000000000000000000e+00 -1.212084144353866577e-01 4.532917628584621772e-01 -8.913622034418262619e-01 0.000000000000000000e+00 5.616596341133117676e-01 0.000000000000000000e+00 0.000000000000000000e+00 1.000000000000000000e+00 0.000000000000000000e+00
9.235883120752408360e-01 3.833857454288142619e-01 0.000000000000000000e+00 1.309354975819588054e-02 -3.833857454288142619e-01 9.235883120752408360e-01 0.000000000000000000e+00 8.792051672935485840e-01 0.000000000000000000e+00 0.000000000000000000e+00 1.000000000000000000e+00 0.000000000000000000e+00
9.561419679047004072e-01 2.929036312702982259e-01 0.000000000000000000e+00 1.316045671701431274e-01 -2.929036312702982259e-01 9.561419679047004072e-01 0.000000000000000000e+00 1.391907215118408203e+00 0.000000000000000000e+00 0.000000000000000000e+00 1.000000000000000000e+00 0.000000000000000000e+00
9.709151349478587489e-01 2.394238933965888716e-01 0.000000000000000000e+00 2.120596915483474731e-01 -2.394238933965888716e-01 9.709151349478587489e-01 0.000000000000000000e+00 1.785325765609741211e+00 0.000000000000000000e+00 0.000000000000000000e+00 1.000000000000000000e+00 0.000000000000000000e+00
9.999777730810996967e-01 6.667334082279913372e-03 0.000000000000000000e+00 3.496105968952178955e-01 -6.667334082279913372e-03 9.999777730810996967e-01 0.000000000000000000e+00 2.022489547729492188e+00 0.000000000000000000e+00 0.000000000000000000e+00 1.000000000000000000e+00 0.000000000000000000e+00
9.799545482080043168e-01 -1.992211922623848552e-01 0.000000000000000000e+00 1.349974572658538818e-01 1.992211922623848552e-01 9.799545482080043168e-01 0.000000000000000000e+00 2.464266300201416016e+00 0.000000000000000000e+00 0.000000000000000000e+00 1.000000000000000000e+00 0.000000000000000000e+00
9.382096147106774309e-01 -3.460675062244968903e-01 0.000000000000000000e+00 -1.948907598853110920e-02 3.460675062244968903e-01 9.382096147106774309e-01 0.000000000000000000e+00 2.927384614944458008e+00 0.000000000000000000e+00 0.000000000000000000e+00 1.000000000000000000e+00 0.000000000000000000e+00
8.654230009162729997e-01 -5.010419438381107371e-01 0.000000000000000000e+00 -2.754729092121124268e-01 5.010419438381107371e-01 8.654230009162729997e-01 0.000000000000000000e+00 3.220362424850463867e+00 0.000000000000000000e+00 0.000000000000000000e+00 1.000000000000000000e+00 0.000000000000000000e+00
7.721225078346511950e-01 -6.354737074774446937e-01 0.000000000000000000e+00 -4.213532805442810059e-01 6.354737074774446937e-01 7.721225078346511950e-01 0.000000000000000000e+00 3.664725542068481445e+00 0.000000000000000000e+00 0.000000000000000000e+00 1.000000000000000000e+00 0.000000000000000000e+00
7.670843041092019199e-01 -6.415463119598627806e-01 0.000000000000000000e+00 -5.997741222381591797e-01 6.415463119598627806e-01 7.670843041092019199e-01 0.000000000000000000e+00 4.062014102935791016e+00 0.000000000000000000e+00 0.000000000000000000e+00 1.000000000000000000e+00 0.000000000000000000e+00
7.510509270638577872e-01 -6.602442767313623229e-01 0.000000000000000000e+00 -9.299339652061462402e-01 6.602442767313623229e-01 7.510509270638577872e-01 0.000000000000000000e+00 4.521876335144042969e+00 0.000000000000000000e+00 0.000000000000000000e+00 1.000000000000000000e+00 0.000000000000000000e+00
-7.620791408899967312e-01 6.474838863017090551e-01 0.000000000000000000e+00 -8.422747254371643066e-01 -6.474838863017090551e-01 -7.620791408899967312e-01 0.000000000000000000e+00 4.379998683929443359e+00 0.000000000000000000e+00 0.000000000000000000e+00 1.000000000000000000e+00 0.000000000000000000e+00
6.373698376742369387e-01 -7.705580380627515824e-01 0.000000000000000000e+00 -1.412953615188598633e+00 7.705580380627515824e-01 6.373698376742369387e-01 0.000000000000000000e+00 4.843127727508544922e+00 0.000000000000000000e+00 0.000000000000000000e+00 1.000000000000000000e+00 0.000000000000000000e+00
4.808531310780153611e-01 -8.768011555264221268e-01 0.000000000000000000e+00 -1.792911529541015625e+00 8.768011555264221268e-01 4.808531310780153611e-01 0.000000000000000000e+00 5.069108486175537109e+00 0.000000000000000000e+00 0.000000000000000000e+00 1.000000000000000000e+00 0.000000000000000000e+00
3.878240162842467864e-01 -9.217334389036541120e-01 0.000000000000000000e+00 -2.225827455520629883e+00 9.217334389036541120e-01 3.878240162842467864e-01 0.000000000000000000e+00 5.424188613891601562e+00 0.000000000000000000e+00 0.000000000000000000e+00 1.000000000000000000e+00 0.000000000000000000e+00
2.818326676896024674e-01 -9.594635727441465090e-01 0.000000000000000000e+00 -2.686769723892211914e+00 9.594635727441465090e-01 2.818326676896024674e-01 0.000000000000000000e+00 5.712121009826660156e+00 0.000000000000000000e+00 0.000000000000000000e+00 1.000000000000000000e+00 0.000000000000000000e+00
2.190758088472217757e-01 -9.757078404819423678e-01 0.000000000000000000e+00 -3.170973062515258789e+00 9.757078404819423678e-01 2.190758088472217757e-01 0.000000000000000000e+00 5.768352508544921875e+00 0.000000000000000000e+00 0.000000000000000000e+00 1.000000000000000000e+00 0.000000000000000000e+00
1.880778520442343560e-01 -9.821541231244855785e-01 0.000000000000000000e+00 -3.554230690002441406e+00 9.821541231244855785e-01 1.880778520442343560e-01 0.000000000000000000e+00 5.812470912933349609e+00 0.000000000000000000e+00 0.000000000000000000e+00 1.000000000000000000e+00 0.000000000000000000e+00
6.236129277829525336e-02 -9.980536404237098091e-01 0.000000000000000000e+00 -4.062870025634765625e+00 9.980536404237098091e-01 6.236129277829525336e-02 0.000000000000000000e+00 6.127727985382080078e+00 0.000000000000000000e+00 0.000000000000000000e+00 1.000000000000000000e+00 0.000000000000000000e+00
-6.605912170230188174e-02 -9.978157106599998549e-01 0.000000000000000000e+00 -4.535636425018310547e+00 9.978157106599998549e-01 -6.605912170230188174e-02 0.000000000000000000e+00 6.110933780670166016e+00 0.000000000000000000e+00 0.000000000000000000e+00 1.000000000000000000e+00 0.000000000000000000e+00
-9.508194714198202335e-02 -9.954694487163778804e-01 0.000000000000000000e+00 -5.111645221710205078e+00 9.954694487163778804e-01 -9.508194714198202335e-02 0.000000000000000000e+00 6.108034610748291016e+00 0.000000000000000000e+00 0.000000000000000000e+00 1.000000000000000000e+00 0.000000000000000000e+00
-1.796528348993786939e-01 -9.837300742137634613e-01 0.000000000000000000e+00 -5.557130813598632812e+00 9.837300742137634613e-01 -1.796528348993786939e-01 0.000000000000000000e+00 6.155731678009033203e+00 0.000000000000000000e+00 0.000000000000000000e+00 1.000000000000000000e+00 0.000000000000000000e+00
-1.525831865321699010e-01 -9.882906309318575389e-01 0.000000000000000000e+00 -6.000008583068847656e+00 9.882906309318575389e-01 -1.525831865321699010e-01 0.000000000000000000e+00 5.996901035308837891e+00 0.000000000000000000e+00 0.000000000000000000e+00 1.000000000000000000e+00 0.000000000000000000e+00
-3.458134023276879798e-01 -9.383033042521744527e-01 0.000000000000000000e+00 -6.462879180908203125e+00 9.383033042521744527e-01 -3.458134023276879798e-01 0.000000000000000000e+00 5.975195884704589844e+00 0.000000000000000000e+00 0.000000000000000000e+00 1.000000000000000000e+00 0.000000000000000000e+00
-3.958562245040492256e-01 -9.183125010155310797e-01 0.000000000000000000e+00 -6.750688076019287109e+00 9.183125010155310797e-01 -3.958562245040492256e-01 0.000000000000000000e+00 6.004732131958007812e+00 0.000000000000000000e+00 0.000000000000000000e+00 1.000000000000000000e+00 0.000000000000000000e+00
-4.953358203579453778e-01 -8.687015742303689780e-01 0.000000000000000000e+00 -7.064784049987792969e+00 8.687015742303689780e-01 -4.953358203579453778e-01 0.000000000000000000e+00 5.761590003967285156e+00 0.000000000000000000e+00 0.000000000000000000e+00 1.000000000000000000e+00 0.000000000000000000e+00
-5.798973945269930708e-01 -8.146895186638926090e-01 0.000000000000000000e+00 -7.599539279937744141e+00 8.146895186638926090e-01 -5.798973945269930708e-01 0.000000000000000000e+00 5.690790176391601562e+00 0.000000000000000000e+00 0.000000000000000000e+00 1.000000000000000000e+00 0.000000000000000000e+00
-6.780943891668422818e-01 -7.349748290795046213e-01 0.000000000000000000e+00 -8.078112602233886719e+00 7.349748290795046213e-01 -6.780943891668422818e-01 0.000000000000000000e+00 5.376305103302001953e+00 0.000000000000000000e+00 0.000000000000000000e+00 1.000000000000000000e+00 0.000000000000000000e+00
-7.401285348411663634e-01 -6.724654280436046516e-01 0.000000000000000000e+00 -8.299175262451171875e+00 6.724654280436046516e-01 -7.401285348411663634e-01 0.000000000000000000e+00 5.065690994262695312e+00 0.000000000000000000e+00 0.000000000000000000e+00 1.000000000000000000e+00 0.000000000000000000e+00
-9.469393568011283957e-01 -3.214122812542563601e-01 0.000000000000000000e+00 -8.637598037719726562e+00 3.214122812542563601e-01 -9.469393568011283957e-01 0.000000000000000000e+00 4.661139965057373047e+00 0.000000000000000000e+00 0.000000000000000000e+00 1.000000000000000000e+00 0.000000000000000000e+00
-9.749295700642888196e-01 -2.225136701739041101e-01 0.000000000000000000e+00 -8.785689353942871094e+00 2.225136701739041101e-01 -9.749295700642888196e-01 0.000000000000000000e+00 4.311796188354492188e+00 0.000000000000000000e+00 0.000000000000000000e+00 1.000000000000000000e+00 0.000000000000000000e+00
1.570726669110438234e-01 -9.875870479656222445e-01 0.000000000000000000e+00 -8.678997039794921875e+00 9.875870479656222445e-01 1.570726669110438234e-01 0.000000000000000000e+00 4.403265953063964844e+00 0.000000000000000000e+00 0.000000000000000000e+00 1.000000000000000000e+00 0.000000000000000000e+00
-9.714938040754170778e-01 2.370649460444863299e-01 0.000000000000000000e+00 -8.598498344421386719e+00 -2.370649460444863299e-01 -9.714938040754170778e-01 0.000000000000000000e+00 4.019107818603515625e+00 0.000000000000000000e+00 0.000000000000000000e+00 1.000000000000000000e+00 0.000000000000000000e+00
-8.455864133149900708e-01 5.338385688736725365e-01 0.000000000000000000e+00 -8.529829978942871094e+00 -5.338385688736725365e-01 -8.455864133149900708e-01 0.000000000000000000e+00 3.666438102722167969e+00 0.000000000000000000e+00 0.000000000000000000e+00 1.000000000000000000e+00 0.000000000000000000e+00
-6.470737187044849348e-01 7.624274408505697931e-01 0.000000000000000000e+00 -8.255985260009765625e+00 -7.624274408505697931e-01 -6.470737187044849348e-01 0.000000000000000000e+00 3.253579616546630859e+00 0.000000000000000000e+00 0.000000000000000000e+00 1.000000000000000000e+00 0.000000000000000000e+00
-3.237302491478564193e-01 9.461494204335099134e-01 0.000000000000000000e+00 -7.814878940582275391e+00 -9.461494204335099134e-01 -3.237302491478564193e-01 0.000000000000000000e+00 3.054910659790039062e+00 0.000000000000000000e+00 0.000000000000000000e+00 1.000000000000000000e+00 0.000000000000000000e+00
-3.791607712271099356e-02 9.992809270148332867e-01 0.000000000000000000e+00 -7.322853088378906250e+00 -9.992809270148332867e-01 -3.791607712271099356e-02 0.000000000000000000e+00 3.134700059890747070e+00 0.000000000000000000e+00 0.000000000000000000e+00 1.000000000000000000e+00 0.000000000000000000e+00
1.374190272462642026e-01 9.905130039281112575e-01 0.000000000000000000e+00 -6.686718463897705078e+00 -9.905130039281112575e-01 1.374190272462642026e-01 0.000000000000000000e+00 3.149763107299804688e+00 0.000000000000000000e+00 0.000000000000000000e+00 1.000000000000000000e+00 0.000000000000000000e+00
3.729907991003011403e-01 9.278350412581531925e-01 0.000000000000000000e+00 -6.176391124725341797e+00 -9.278350412581531925e-01 3.729907991003011403e-01 0.000000000000000000e+00 3.319388389587402344e+00 0.000000000000000000e+00 0.000000000000000000e+00 1.000000000000000000e+00 0.000000000000000000e+00
6.586452724173046391e-01 7.524535900122575338e-01 0.000000000000000000e+00 -6.010756492614746094e+00 -7.524535900122575338e-01 6.586452724173046391e-01 0.000000000000000000e+00 3.636755466461181641e+00 0.000000000000000000e+00 0.000000000000000000e+00 1.000000000000000000e+00 0.000000000000000000e+00
8.777489070124133708e-01 4.791209202680610235e-01 0.000000000000000000e+00 -5.822186946868896484e+00 -4.791209202680610235e-01 8.777489070124133708e-01 0.000000000000000000e+00 4.090795516967773438e+00 0.000000000000000000e+00 0.000000000000000000e+00 1.000000000000000000e+00 0.000000000000000000e+00
-9.918193170372343603e-01 -1.276496860622615692e-01 0.000000000000000000e+00 -5.614932060241699219e+00 1.276496860622615692e-01 -9.918193170372343603e-01 0.000000000000000000e+00 4.505918502807617188e+00 0.000000000000000000e+00 0.000000000000000000e+00 1.000000000000000000e+00 0.000000000000000000e+00
-9.925866665203606498e-01 1.215389215272140722e-01 0.000000000000000000e+00 -5.745514869689941406e+00 -1.215389215272140722e-01 -9.925866665203606498e-01 0.000000000000000000e+00 5.198050498962402344e+00 0.000000000000000000e+00 0.000000000000000000e+00 1.000000000000000000e+00 0.000000000000000000e+00
-8.880630405339922095e-01 4.597216941123410949e-01 0.000000000000000000e+00 -5.982992649078369141e+00 -4.597216941123410949e-01 -8.880630405339922095e-01 0.000000000000000000e+00 5.604155540466308594e+00 0.000000000000000000e+00 0.000000000000000000e+00 1.000000000000000000e+00 0.000000000000000000e+00
-7.210320469728767057e-01 6.929017154244195842e-01 0.000000000000000000e+00 -6.135912895202636719e+00 -6.929017154244195842e-01 -7.210320469728767057e-01 0.000000000000000000e+00 6.110394001007080078e+00 0.000000000000000000e+00 0.000000000000000000e+00 1.000000000000000000e+00 0.000000000000000000e+00
-4.940739155090292378e-01 8.694199020114369292e-01 0.000000000000000000e+00 -6.459004402160644531e+00 -8.694199020114369292e-01 -4.940739155090292378e-01 0.000000000000000000e+00 6.325612545013427734e+00 0.000000000000000000e+00 0.000000000000000000e+00 1.000000000000000000e+00 0.000000000000000000e+00
-1.254164705768122112e-01 9.921041824869278880e-01 0.000000000000000000e+00 -6.966580867767333984e+00 -9.921041824869278880e-01 -1.254164705768122112e-01 0.000000000000000000e+00 6.522225379943847656e+00 0.000000000000000000e+00 0.000000000000000000e+00 1.000000000000000000e+00 0.000000000000000000e+00
1.559664445503386732e-01 9.877623540985585038e-01 0.000000000000000000e+00 -7.347139835357666016e+00 -9.877623540985585038e-01 1.559664445503386732e-01 0.000000000000000000e+00 6.624479770660400391e+00 0.000000000000000000e+00 0.000000000000000000e+00 1.000000000000000000e+00 0.000000000000000000e+00
6.594682740784976183e-01 7.517323961915752806e-01 0.000000000000000000e+00 -7.756496429443359375e+00 -7.517323961915752806e-01 6.594682740784976183e-01 0.000000000000000000e+00 6.482824802398681641e+00 0.000000000000000000e+00 0.000000000000000000e+00 1.000000000000000000e+00 0.000000000000000000e+00
8.603615308550045526e-01 5.096842514977611982e-01 0.000000000000000000e+00 -8.097753524780273438e+00 -5.096842514977611982e-01 8.603615308550045526e-01 0.000000000000000000e+00 6.256424903869628906e+00 0.000000000000000000e+00 0.000000000000000000e+00 1.000000000000000000e+00 0.000000000000000000e+00
9.454225654736353457e-01 3.258468546622013684e-01 0.000000000000000000e+00 -8.197372436523437500e+00 -3.258468546622013684e-01 9.454225654736353457e-01 0.000000000000000000e+00 5.902740478515625000e+00 0.000000000000000000e+00 0.000000000000000000e+00 1.000000000000000000e+00 0.000000000000000000e+00
9.993991872292483647e-01 3.465926377633703204e-02 0.000000000000000000e+00 -8.194238662719726562e+00 -3.465926377633703204e-02 9.993991872292483647e-01 0.000000000000000000e+00 5.923064708709716797e+00 0.000000000000000000e+00 0.000000000000000000e+00 1.000000000000000000e+00 0.000000000000000000e+00
9.983980898671829252e-01 5.657962662973687468e-02 0.000000000000000000e+00 -8.233281135559082031e+00 -5.657962662973687468e-02 9.983980898671829252e-01 0.000000000000000000e+00 5.411417484283447266e+00 0.000000000000000000e+00 0.000000000000000000e+00 1.000000000000000000e+00 0.000000000000000000e+00
9.947266068625131297e-01 -1.025620670608350105e-01 0.000000000000000000e+00 -8.314081192016601562e+00 1.025620670608350105e-01 9.947266068625131297e-01 0.000000000000000000e+00 4.892125129699707031e+00 0.000000000000000000e+00 0.000000000000000000e+00 1.000000000000000000e+00 0.000000000000000000e+00
9.570620768409116019e-01 -2.898830472327780794e-01 0.000000000000000000e+00 -8.218035697937011719e+00 2.898830472327780794e-01 9.570620768409116019e-01 0.000000000000000000e+00 4.389062881469726562e+00 0.000000000000000000e+00 0.000000000000000000e+00 1.000000000000000000e+00 0.000000000000000000e+00
9.118343754151819747e-01 -4.105582441155031237e-01 0.000000000000000000e+00 -8.104024887084960938e+00 4.105582441155031237e-01 9.118343754151819747e-01 0.000000000000000000e+00 3.994161367416381836e+00 0.000000000000000000e+00 0.000000000000000000e+00 1.000000000000000000e+00 0.000000000000000000e+00
8.538242853687912914e-01 -5.205613217618773048e-01 0.000000000000000000e+00 -7.866115570068359375e+00 5.205613217618773048e-01 8.538242853687912914e-01 0.000000000000000000e+00 3.462665796279907227e+00 0.000000000000000000e+00 0.000000000000000000e+00 1.000000000000000000e+00 0.000000000000000000e+00
8.771509380554980417e-01 -4.802147768117510651e-01 0.000000000000000000e+00 -7.547196388244628906e+00 4.802147768117510651e-01 8.771509380554980417e-01 0.000000000000000000e+00 2.930602073669433594e+00 0.000000000000000000e+00 0.000000000000000000e+00 1.000000000000000000e+00 0.000000000000000000e+00
8.446890817074514946e-01 -5.352572794873716733e-01 0.000000000000000000e+00 -7.140734672546386719e+00 5.352572794873716733e-01 8.446890817074514946e-01 0.000000000000000000e+00 2.351168155670166016e+00 0.000000000000000000e+00 0.000000000000000000e+00 1.000000000000000000e+00 0.000000000000000000e+00
7.854924898291646418e-01 -6.188711888769582448e-01 0.000000000000000000e+00 -6.888513565063476562e+00 6.188711888769582448e-01 7.854924898291646418e-01 0.000000000000000000e+00 1.990577697753906250e+00 0.000000000000000000e+00 0.000000000000000000e+00 1.000000000000000000e+00 0.000000000000000000e+00
6.564769784860705615e-01 -7.543460589926875848e-01 0.000000000000000000e+00 -6.525958061218261719e+00 7.543460589926875848e-01 6.564769784860705615e-01 0.000000000000000000e+00 1.553907752037048340e+00 0.000000000000000000e+00 0.000000000000000000e+00 1.000000000000000000e+00 0.000000000000000000e+00
6.925734609071593217e-01 -7.213473513135536530e-01 0.000000000000000000e+00 -6.067819118499755859e+00 7.213473513135536530e-01 6.925734609071593217e-01 0.000000000000000000e+00 1.118764758110046387e+00 0.000000000000000000e+00 0.000000000000000000e+00 1.000000000000000000e+00 0.000000000000000000e+00
7.468824745435064250e-01 -6.649560656312328843e-01 0.000000000000000000e+00 -5.697649955749511719e+00 6.649560656312328843e-01 7.468824745435064250e-01 0.000000000000000000e+00 8.573614954948425293e-01 0.000000000000000000e+00 0.000000000000000000e+00 1.000000000000000000e+00 0.000000000000000000e+00
7.290503428051795520e-01 -6.844600774739533211e-01 0.000000000000000000e+00 -5.364822864532470703e+00 6.844600774739533211e-01 7.290503428051795520e-01 0.000000000000000000e+00 4.106293022632598877e-01 0.000000000000000000e+00 0.000000000000000000e+00 1.000000000000000000e+00 0.000000000000000000e+00
6.278953930281657714e-01 -7.782977421360062209e-01 0.000000000000000000e+00 -5.041058063507080078e+00 7.782977421360062209e-01 6.278953930281657714e-01 0.000000000000000000e+00 1.278635263442993164e-01 0.000000000000000000e+00 0.000000000000000000e+00 1.000000000000000000e+00 0.000000000000000000e+00
5.590948551354781859e-01 -8.291036985570855444e-01 0.000000000000000000e+00 -4.559553623199462891e+00 8.291036985570855444e-01 5.590948551354781859e-01 0.000000000000000000e+00 -2.831009626388549805e-01 0.000000000000000000e+00 0.000000000000000000e+00 1.000000000000000000e+00 0.000000000000000000e+00
3.604487879949840878e-01 -9.327790044983576001e-01 0.000000000000000000e+00 -4.231862545013427734e+00 9.327790044983576001e-01 3.604487879949840878e-01 0.000000000000000000e+00 -7.505841255187988281e-01 0.000000000000000000e+00 0.000000000000000000e+00 1.000000000000000000e+00 0.000000000000000000e+00
4.128983903163320202e-01 -9.107770963711054879e-01 0.000000000000000000e+00 -3.712349176406860352e+00 9.107770963711054879e-01 4.128983903163320202e-01 0.000000000000000000e+00 -9.315408468246459961e-01 0.000000000000000000e+00 0.000000000000000000e+00 1.000000000000000000e+00 0.000000000000000000e+00
5.630464410653693852e-01 -8.264252568766407014e-01 0.000000000000000000e+00 -3.198598146438598633e+00 8.264252568766407014e-01 5.630464410653693852e-01 0.000000000000000000e+00 -1.130033969879150391e+00 0.000000000000000000e+00 0.000000000000000000e+00 1.000000000000000000e+00 0.000000000000000000e+00
4.709579902852187860e-01 -8.821556389813011156e-01 0.000000000000000000e+00 -2.607024431228637695e+00 8.821556389813011156e-01 4.709579902852187860e-01 0.000000000000000000e+00 -1.505522966384887695e+00 0.000000000000000000e+00 0.000000000000000000e+00 1.000000000000000000e+00 0.000000000000000000e+00
4.455396261175852413e-01 -8.952622194413223378e-01 0.000000000000000000e+00 -2.140734195709228516e+00 8.952622194413223378e-01 4.455396261175852413e-01 0.000000000000000000e+00 -1.537389993667602539e+00 0.000000000000000000e+00 0.000000000000000000e+00 1.000000000000000000e+00 0.000000000000000000e+00
3.311477743476238245e-01 -9.435789058391540474e-01 0.000000000000000000e+00 -2.162999153137207031e+00 9.435789058391540474e-01 3.311477743476238245e-01 0.000000000000000000e+00 -1.599058628082275391e+00 0.000000000000000000e+00 0.000000000000000000e+00 1.000000000000000000e+00 0.000000000000000000e+00
2.592428998839929610e-01 -9.658121550590145210e-01 0.000000000000000000e+00 -1.682961106300354004e+00 9.658121550590145210e-01 2.592428998839929610e-01 0.000000000000000000e+00 -1.664562821388244629e+00 0.000000000000000000e+00 0.000000000000000000e+00 1.000000000000000000e+00 0.000000000000000000e+00
1.342535952454567971e-01 -9.909470077474723526e-01 0.000000000000000000e+00 -1.285542368888854980e+00 9.909470077474723526e-01 1.342535952454567971e-01 0.000000000000000000e+00 -1.525799393653869629e+00 0.000000000000000000e+00 0.000000000000000000e+00 1.000000000000000000e+00 0.000000000000000000e+00
-5.307627393694003270e-02 -9.985904611726325042e-01 0.000000000000000000e+00 -8.488745689392089844e-01 9.985904611726325042e-01 -5.307627393694003270e-02 0.000000000000000000e+00 -1.396288394927978516e+00 0.000000000000000000e+00 0.000000000000000000e+00 1.000000000000000000e+00 0.000000000000000000e+00
-2.636273522447704076e-01 -9.646246001157194883e-01 0.000000000000000000e+00 -3.640519976615905762e-01 9.646246001157194883e-01 -2.636273522447704076e-01 0.000000000000000000e+00 -1.335098862648010254e+00 0.000000000000000000e+00 0.000000000000000000e+00 1.000000000000000000e+00 0.000000000000000000e+00
-4.133841671787237271e-01 -9.105567145027008147e-01 0.000000000000000000e+00 -1.305845081806182861e-01 9.105567145027008147e-01 -4.133841671787237271e-01 0.000000000000000000e+00 -1.061563611030578613e+00 0.000000000000000000e+00 0.000000000000000000e+00 1.000000000000000000e+00 0.000000000000000000e+00
-5.326114620198649785e-01 -8.463598705781495424e-01 0.000000000000000000e+00 1.483721882104873657e-01 8.463598705781495424e-01 -5.326114620198649785e-01 0.000000000000000000e+00 -8.190695047378540039e-01 0.000000000000000000e+00 0.000000000000000000e+00 1.000000000000000000e+00 0.000000000000000000e+00
-6.762298053792252794e-01 -7.366907426571717155e-01 0.000000000000000000e+00 4.080519676208496094e-01 7.366907426571717155e-01 -6.762298053792252794e-01 0.000000000000000000e+00 -6.583104729652404785e-01 0.000000000000000000e+00 0.000000000000000000e+00 1.000000000000000000e+00 0.000000000000000000e+00
-8.062987222250403985e-01 -5.915085549155373323e-01 0.000000000000000000e+00 6.474372744560241699e-01 5.915085549155373323e-01 -8.062987222250403985e-01 0.000000000000000000e+00 -2.780258953571319580e-01 0.000000000000000000e+00 0.000000000000000000e+00 1.000000000000000000e+00 0.000000000000000000e+00
-8.661039288443912465e-01 -4.998639659350428976e-01 0.000000000000000000e+00 8.673963546752929688e-01 4.998639659350428976e-01 -8.661039288443912465e-01 0.000000000000000000e+00 -6.870499812066560227e-03 0.000000000000000000e+00 0.000000000000000000e+00 1.000000000000000000e+00 0.000000000000000000e+00
9.233727674083029857e-01 3.839045876369959198e-01 0.000000000000000000e+00 1.058763623237609863e+00 -3.839045876369959198e-01 9.233727674083029857e-01 0.000000000000000000e+00 4.240037500858306885e-01 0.000000000000000000e+00 0.000000000000000000e+00 1.000000000000000000e+00 0.000000000000000000e+00
9.517496182259620463e-01 3.068756494196558382e-01 0.000000000000000000e+00 1.134696841239929199e+00 -3.068756494196558382e-01 9.517496182259620463e-01 0.000000000000000000e+00 8.156557083129882812e-01 0.000000000000000000e+00 0.000000000000000000e+00 1.000000000000000000e+00 0.000000000000000000e+00
9.689589295493714616e-01 2.472217483283703776e-01 0.000000000000000000e+00 1.233284831047058105e+00 -2.472217483283703776e-01 9.689589295493714616e-01 0.000000000000000000e+00 1.273278236389160156e+00 0.000000000000000000e+00 0.000000000000000000e+00 1.000000000000000000e+00 0.000000000000000000e+00
9.936748575504860126e-01 1.122954917706909389e-01 0.000000000000000000e+00 1.302071928977966309e+00 -1.122954917706909389e-01 9.936748575504860126e-01 0.000000000000000000e+00 1.853523015975952148e+00 0.000000000000000000e+00 0.000000000000000000e+00 1.000000000000000000e+00 0.000000000000000000e+00
9.896125244603529714e-01 -1.437603959065476833e-01 0.000000000000000000e+00 1.215979337692260742e+00 1.437603959065476833e-01 9.896125244603529714e-01 0.000000000000000000e+00 2.098541021347045898e+00 0.000000000000000000e+00 0.000000000000000000e+00 1.000000000000000000e+00 0.000000000000000000e+00
9.516938234468638180e-01 -3.070486385136557694e-01 0.000000000000000000e+00 1.082106113433837891e+00 3.070486385136557694e-01 9.516938234468638180e-01 0.000000000000000000e+00 2.449944257736206055e+00 0.000000000000000000e+00 0.000000000000000000e+00 1.000000000000000000e+00 0.000000000000000000e+00
8.685639219631039465e-01 -4.955771518785658802e-01 0.000000000000000000e+00 6.966895461082458496e-01 4.955771518785658802e-01 8.685639219631039465e-01 0.000000000000000000e+00 2.894739151000976562e+00 0.000000000000000000e+00 0.000000000000000000e+00 1.000000000000000000e+00 0.000000000000000000e+00
8.275168633817534536e-01 -5.614408613726153963e-01 0.000000000000000000e+00 3.955962359905242920e-01 5.614408613726153963e-01 8.275168633817534536e-01 0.000000000000000000e+00 3.409276962280273438e+00 0.000000000000000000e+00 0.000000000000000000e+00 1.000000000000000000e+00 0.000000000000000000e+00
7.628718308282629312e-01 -6.465497426561502836e-01 0.000000000000000000e+00 2.979919910430908203e-01 6.465497426561502836e-01 7.628718308282629312e-01 0.000000000000000000e+00 3.648729085922241211e+00 0.000000000000000000e+00 0.000000000000000000e+00 1.000000000000000000e+00 0.000000000000000000e+00
-6.790654091649690471e-01 7.340777684112311796e-01 0.000000000000000000e+00 -1.794741004705429077e-01 -7.340777684112311796e-01 -6.790654091649690471e-01 0.000000000000000000e+00 3.910797119140625000e+00 0.000000000000000000e+00 0.000000000000000000e+00 1.000000000000000000e+00 0.000000000000000000e+00
