9.999999998836253123e-01 1.525612242343819222e-05 0.000000000000000000e+00 -8.000000000000000000e+00 -1.525612242343819222e-05 9.999999998836253123e-01 0.000000000000000000e+00 5.000000000000000000e+00 0.000000000000000000e+00 0.000000000000000000e+00 1.000000000000000000e+00 0.000000000000000000e+00
9.973322438007535817e-01 -7.299585930280090562e-02 0.000000000000000000e+00 -8.009137153625488281e+00 7.299585930280090562e-02 9.973322438007535817e-01 0.000000000000000000e+00 4.603212833404541016e+00 0.000000000000000000e+00 0.000000000000000000e+00 1.000000000000000000e+00 0.000000000000000000e+00
9.889958164972616483e-01 -1.479434856656918207e-01 0.000000000000000000e+00 -7.985420227050781250e+00 1.479434856656918207e-01 9.889958164972616483e-01 0.000000000000000000e+00 4.207625865936279297e+00 0.000000000000000000e+00 0.000000000000000000e+00 1.000000000000000000e+00 0.000000000000000000e+00
9.604857749392244903e-01 -2.783290788606133104e-01 0.000000000000000000e+00 -7.889202594757080078e+00 2.783290788606133104e-01 9.604857749392244903e-01 0.000000000000000000e+00 3.879917860031127930e+00 0.000000000000000000e+00 0.000000000000000000e+00 1.000000000000000000e+00 0.000000000000000000e+00
9.256222936118576605e-01 -3.784486353109546841e-01 0.000000000000000000e+00 -7.734311103820800781e+00 3.784486353109546841e-01 9.256222936118576605e-01 0.000000000000000000e+00 3.565039396286010742e+00 0.000000000000000000e+00 0.000000000000000000e+00 1.000000000000000000e+00 0.000000000000000000e+00
8.536240924966465027e-01 -5.208895359951827286e-01 0.000000000000000000e+00 -7.562574863433837891e+00 5.208895359951827286e-01 8.536240924966465027e-01 0.000000000000000000e+00 3.102507352828979492e+00 0.000000000000000000e+00 0.000000000000000000e+00 1.000000000000000000e+00 0.000000000000000000e+00
8.732831880180329520e-01 -4.872129652678189871e-01 0.000000000000000000e+00 -7.154394626617431641e+00 4.872129652678189871e-01 8.732831880180329520e-01 0.000000000000000000e+00 2.726506471633911133e+00 0.000000000000000000e+00 0.000000000000000000e+00 1.000000000000000000e+00 0.000000000000000000e+00
8.637706442554762276e-01 -5.038851795027112779e-01 0.000000000000000000e+00 -6.895858764648437500e+00 5.038851795027112779e-01 8.637706442554762276e-01 0.000000000000000000e+00 2.325451135635375977e+00 0.000000000000000000e+00 0.000000000000000000e+00 1.000000000000000000e+00 0.000000000000000000e+00
7.781518465844251553e-01 -6.280761925572798665e-01 0.000000000000000000e+00 -6.629760742187500000e+00 6.280761925572798665e-01 7.781518465844251553e-01 0.000000000000000000e+00 1.990811944007873535e+00 0.000000000000000000e+00 0.000000000000000000e+00 1.000000000000000000e+00 0.000000000000000000e+00
7.097466544708015412e-01 -7.044570153440907756e-01 0.000000000000000000e+00 -6.338623523712158203e+00 7.044570153440907756e-01 7.097466544708015412e-01 0.000000000000000000e+00 1.585801601409912109e+00 0.000000000000000000e+00 0.000000000000000000e+00 1.000000000000000000e+00 0.000000000000000000e+00
6.731017953640416884e-01 -7.395498448905953870e-01 0.000000000000000000e+00 -5.940834045410156250e+00 7.395498448905953870e-01 6.731017953640416884e-01 0.000000000000000000e+00 1.344720721244812012e+00 0.000000000000000000e+00 0.000000000000000000e+00 1.000000000000000000e+00 0.000000000000000000e+00
7.637072994426550299e-01 -6.455626699074280550e-01 0.000000000000000000e+00 -5.697586059570312500e+00 6.455626699074280550e-01 7.637072994426550299e-01 0.000000000000000000e+00 1.028055429458618164e+00 0.000000000000000000e+00 0.000000000000000000e+00 1.000000000000000000e+00 0.000000000000000000e+00
7.365874985393644492e-01 -6.763422632037139337e-01 0.000000000000000000e+00 -5.354083538055419922e+00 6.763422632037139337e-01 7.365874985393644492e-01 0.000000000000000000e+00 7.607423663139343262e-01 0.000000000000000000e+00 0.000000000000000000e+00 1.000000000000000000e+00 0.000000000000000000e+00
6.935243519215912311e-01 -7.204331844742696278e-01 0.000000000000000000e+00 -5.088034629821777344e+00 7.204331844742696278e-01 6.935243519215912311e-01 0.000000000000000000e+00 2.382051348686218262e-01 0.000000000000000000e+00 0.000000000000000000e+00 1.000000000000000000e+00 0.000000000000000000e+00
5.458549624765759445e-01 -8.378796810638720061e-01 0.000000000000000000e+00 -4.755714416503906250e+00 8.378796810638720061e-01 5.458549624765759445e-01 0.000000000000000000e+00 1.240067854523658752e-01 0.000000000000000000e+00 0.000000000000000000e+00 1.000000000000000000e+00 0.000000000000000000e+00
5.406192006418469864e-01 -8.412674247213963730e-01 0.000000000000000000e+00 -4.344785690307617188e+00 8.412674247213963730e-01 5.406192006418469864e-01 0.000000000000000000e+00 -1.722493469715118408e-01 0.000000000000000000e+00 0.000000000000000000e+00 1.000000000000000000e+00 0.000000000000000000e+00
4.316434788017969870e-01 -9.020442933736029234e-01 0.000000000000000000e+00 -4.151404380798339844e+00 9.020442933736029234e-01 4.316434788017969870e-01 0.000000000000000000e+00 -4.115599989891052246e-01 0.000000000000000000e+00 0.000000000000000000e+00 1.000000000000000000e+00 0.000000000000000000e+00
4.083191267241703115e-01 -9.128392469384798424e-01 0.000000000000000000e+00 -3.564659357070922852e+00 9.128392469384798424e-01 4.083191267241703115e-01 0.000000000000000000e+00 -5.803249478340148926e-01 0.000000000000000000e+00 0.000000000000000000e+00 1.000000000000000000e+00 0.000000000000000000e+00
4.731071341566706612e-01 -8.810049032837796723e-01 0.000000000000000000e+00 -3.206343650817871094e+00 8.810049032837796723e-01 4.731071341566706612e-01 0.000000000000000000e+00 -8.773217201232910156e-01 0.000000000000000000e+00 0.000000000000000000e+00 1.000000000000000000e+00 0.000000000000000000e+00
4.639337859780740536e-01 -8.858698788355152676e-01 0.000000000000000000e+00 -2.848351716995239258e+00 8.858698788355152676e-01 4.639337859780740536e-01 0.000000000000000000e+00 -8.728063106536865234e-01 0.000000000000000000e+00 0.000000000000000000e+00 1.000000000000000000e+00 0.000000000000000000e+00
3.415048049094387417e-01 -9.398800286333177656e-01 0.000000000000000000e+00 -2.925710916519165039e+00 9.398800286333177656e-01 3.415048049094387417e-01 0.000000000000000000e+00 -9.986394643783569336e-01 0.000000000000000000e+00 0.000000000000000000e+00 1.000000000000000000e+00 0.000000000000000000e+00
2.283371851584668211e-01 -9.735821125482473359e-01 0.000000000000000000e+00 -2.631109952926635742e+00 9.735821125482473359e-01 2.283371851584668211e-01 0.000000000000000000e+00 -9.764543175697326660e-01 0.000000000000000000e+00 0.000000000000000000e+00 1.000000000000000000e+00 0.000000000000000000e+00
1.044468556429983541e-01 -9.945304692900518440e-01 0.000000000000000000e+00 -2.137919902801513672e+00 9.945304692900518440e-01 1.044468556429983541e-01 0.000000000000000000e+00 -9.663059711456298828e-01 0.000000000000000000e+00 0.000000000000000000e+00 1.000000000000000000e+00 0.000000000000000000e+00
-1.131384224247775072e-01 -9.935792355777331997e-01 0.000000000000000000e+00 -1.726651549339294434e+00 9.935792355777331997e-01 -1.131384224247775072e-01 0.000000000000000000e+00 -8.718200922012329102e-01 0.000000000000000000e+00 0.000000000000000000e+00 1.000000000000000000e+00 0.000000000000000000e+00
-2.732913230682789130e-01 -9.619313139385731182e-01 0.000000000000000000e+00 -1.294999480247497559e+00 9.619313139385731182e-01 -2.732913230682789130e-01 0.000000000000000000e+00 -7.912799119949340820e-01 0.000000000000000000e+00 0.000000000000000000e+00 1.000000000000000000e+00 0.000000000000000000e+00
-4.104993138387205143e-01 -9.118609067933221013e-01 0.000000000000000000e+00 -9.891571402549743652e-01 9.118609067933221013e-01 -4.104993138387205143e-01 0.000000000000000000e+00 -5.880199074745178223e-01 0.000000000000000000e+00 0.000000000000000000e+00 1.000000000000000000e+00 0.000000000000000000e+00
-5.596125754441420019e-01 -8.287543456325127122e-01 0.000000000000000000e+00 -8.228679299354553223e-01 8.287543456325127122e-01 -5.596125754441420019e-01 0.000000000000000000e+00 -3.340033888816833496e-01 0.000000000000000000e+00 0.000000000000000000e+00 1.000000000000000000e+00 0.000000000000000000e+00
-6.431298293493251661e-01 -7.657571564152096943e-01 0.000000000000000000e+00 -6.563267111778259277e-01 7.657571564152096943e-01 -6.431298293493251661e-01 0.000000000000000000e+00 -1.305487751960754395e-01 0.000000000000000000e+00 0.000000000000000000e+00 1.000000000000000000e+00 0.000000000000000000e+00
-7.977905670719446229e-01 -6.029346656902595525e-01 0.000000000000000000e+00 -4.030288755893707275e-01 6.029346656902595525e-01 -7.977905670719446229e-01 0.000000000000000000e+00 2.146842330694198608e-01 0.000000000000000000e+00 0.000000000000000000e+00 1.000000000000000000e+00 0.000000000000000000e+00
-8.952706305259815478e-01 -4.455227245804768699e-01 0.000000000000000000e+00 -8.558046817779541016e-02 4.455227245804768699e-01 -8.952706305259815478e-01 0.000000000000000000e+00 6.208508014678955078e-01 0.000000000000000000e+00 0.000000000000000000e+00 1.000000000000000000e+00 0.000000000000000000e+00
9.246881005840442702e-01 3.807255135110759747e-01 0.000000000000000000e+00 4.137300699949265220e-02 -3.807255135110759747e-01 9.246881005840442702e-01 0.000000000000000000e+00 9.394663572311401367e-01 0.000000000000000000e+00 0.000000000000000000e+00 1.000000000000000000e+00 0.000000000000000000e+00
9.580521044829880539e-01 2.865940772167451800e-01 0.000000000000000000e+00 1.635088175535202026e-01 -2.865940772167451800e-01 9.580521044829880539e-01 0.000000000000000000e+00 1.460551619529724121e+00 0.000000000000000000e+00 0.000000000000000000e+00 1.000000000000000000e+00 0.000000000000000000e+00
9.735813506117775296e-01 2.283404338722058169e-01 0.000000000000000000e+00 2.467813193798065186e-01 -2.283404338722058169e-01 9.735813506117775296e-01 0.000000000000000000e+00 1.862507820129394531e+00 0.000000000000000000e+00 0.000000000000000000e+00 1.000000000000000000e+00 0.000000000000000000e+00
9.999951818330128361e-01 3.104240770228394817e-03 0.000000000000000000e+00 3.825542330741882324e-01 -3.104240770228394817e-03 9.999951818330128361e-01 0.000000000000000000e+00 2.099506855010986328e+00 0.000000000000000000e+00 0.000000000000000000e+00 1.000000000000000000e+00 0.000000000000000000e+00
9.808003147089996432e-01 -1.950147242305748374e-01 0.000000000000000000e+00 1.671847403049468994e-01 1.950147242305748374e-01 9.808003147089996432e-01 0.000000000000000000e+00 2.538465023040771484e+00 0.000000000000000000e+00 0.000000000000000000e+00 1.000000000000000000e+00 0.000000000000000000e+00
9.384659286478094220e-01 -3.453718297244358637e-01 0.000000000000000000e+00 -1.381729845888910076e-03 3.453718297244358637e-01 9.384659286478094220e-01 0.000000000000000000e+00 2.996287822723388672e+00 0.000000000000000000e+00 0.000000000000000000e+00 1.000000000000000000e+00 0.000000000000000000e+00
8.666433106129861619e-01 -4.989282234648217962e-01 0.000000000000000000e+00 -2.731671631336212158e-01 4.989282234648217962e-01 8.666433106129861619e-01 0.000000000000000000e+00 3.283921718597412109e+00 0.000000000000000000e+00 0.000000000000000000e+00 1.000000000000000000e+00 0.000000000000000000e+00
7.719246378867660185e-01 -6.357140500440312536e-01 0.000000000000000000e+00 -4.160254001617431641e-01 6.357140500440312536e-01 7.719246378867660185e-01 0.000000000000000000e+00 3.728921651840209961e+00 0.000000000000000000e+00 0.000000000000000000e+00 1.000000000000000000e+00 0.000000000000000000e+00
7.646153668298196759e-01 -6.444868817964414243e-01 0.000000000000000000e+00 -5.925297737121582031e-01 6.444868817964414243e-01 7.646153668298196759e-01 0.000000000000000000e+00 4.126541614532470703e+00 0.000000000000000000e+00 0.000000000000000000e+00 1.000000000000000000e+00 0.000000000000000000e+00
7.483898695296918868e-01 -6.632590769716844026e-01 0.000000000000000000e+00 -9.245873093605041504e-01 6.632590769716844026e-01 7.483898695296918868e-01 0.000000000000000000e+00 4.585210800170898438e+00 0.000000000000000000e+00 0.000000000000000000e+00 1.000000000000000000e+00 0.000000000000000000e+00
-7.593388895819822570e-01 6.506953594182165457e-01 0.000000000000000000e+00 -8.364867568016052246e-01 -6.506953594182165457e-01 -7.593388895819822570e-01 0.000000000000000000e+00 4.443766117095947266e+00 0.000000000000000000e+00 0.000000000000000000e+00 1.000000000000000000e+00 0.000000000000000000e+00
6.339711838046947490e-01 -7.733566693998791264e-01 0.000000000000000000e+00 -1.409237861633300781e+00 7.733566693998791264e-01 6.339711838046947490e-01 0.000000000000000000e+00 4.904563426971435547e+00 0.000000000000000000e+00 0.000000000000000000e+00 1.000000000000000000e+00 0.000000000000000000e+00
4.768277236600694802e-01 -8.789967701585463811e-01 0.000000000000000000e+00 -1.790303111076354980e+00 8.789967701585463811e-01 4.768277236600694802e-01 0.000000000000000000e+00 5.128952980041503906e+00 0.000000000000000000e+00 0.000000000000000000e+00 1.000000000000000000e+00 0.000000000000000000e+00
3.834332642172916805e-01 -9.235685853750508212e-01 0.000000000000000000e+00 -2.224952697753906250e+00 9.235685853750508212e-01 3.834332642172916805e-01 0.000000000000000000e+00 5.482129573822021484e+00 0.000000000000000000e+00 0.000000000000000000e+00 1.000000000000000000e+00 0.000000000000000000e+00
2.770935898838284839e-01 -9.608429332858168248e-01 0.000000000000000000e+00 -2.687364578247070312e+00 9.608429332858168248e-01 2.770935898838284839e-01 0.000000000000000000e+00 5.767952442169189453e+00 0.000000000000000000e+00 0.000000000000000000e+00 1.000000000000000000e+00 0.000000000000000000e+00
2.140495828380655219e-01 -9.768227966662378359e-01 0.000000000000000000e+00 -3.171938657760620117e+00 9.768227966662378359e-01 2.140495828380655219e-01 0.000000000000000000e+00 5.821881294250488281e+00 0.000000000000000000e+00 0.000000000000000000e+00 1.000000000000000000e+00 0.000000000000000000e+00
1.827807017084085717e-01 -9.831537087775145123e-01 0.000000000000000000e+00 -3.555509805679321289e+00 9.831537087775145123e-01 1.827807017084085717e-01 0.000000000000000000e+00 5.864115715026855469e+00 0.000000000000000000e+00 0.000000000000000000e+00 1.000000000000000000e+00 0.000000000000000000e+00
5.672651769607429950e-02 -9.983897546499949094e-01 0.000000000000000000e+00 -4.065925121307373047e+00 9.983897546499949094e-01 5.672651769607429950e-02 0.000000000000000000e+00 6.176719188690185547e+00 0.000000000000000000e+00 0.000000000000000000e+00 1.000000000000000000e+00 0.000000000000000000e+00
-7.198871215344943009e-02 -9.974054468081111624e-01 0.000000000000000000e+00 -4.538664340972900391e+00 9.974054468081111624e-01 -7.198871215344943009e-02 0.000000000000000000e+00 6.157351016998291016e+00 0.000000000000000000e+00 0.000000000000000000e+00 1.000000000000000000e+00 0.000000000000000000e+00
-1.013476539089737671e-01 -9.948510707875560799e-01 0.000000000000000000e+00 -5.114711761474609375e+00 9.948510707875560799e-01 -1.013476539089737671e-01 0.000000000000000000e+00 6.151124477386474609e+00 0.000000000000000000e+00 0.000000000000000000e+00 1.000000000000000000e+00 0.000000000000000000e+00
-1.862276021483769417e-01 -9.825066311216763548e-01 0.000000000000000000e+00 -5.560543537139892578e+00 9.825066311216763548e-01 -1.862276021483769417e-01 0.000000000000000000e+00 6.196116447448730469e+00 0.000000000000000000e+00 0.000000000000000000e+00 1.000000000000000000e+00 0.000000000000000000e+00
-1.596287291066432190e-01 -9.871771213129880707e-01 0.000000000000000000e+00 -6.002390384674072266e+00 9.871771213129880707e-01 -1.596287291066432190e-01 0.000000000000000000e+00 6.034430980682373047e+00 0.000000000000000000e+00 0.000000000000000000e+00 1.000000000000000000e+00 0.000000000000000000e+00
-3.529592776494935302e-01 -9.356386847074824598e-01 0.000000000000000000e+00 -6.465121269226074219e+00 9.356386847074824598e-01 -3.529592776494935302e-01 0.000000000000000000e+00 6.009531974792480469e+00 0.000000000000000000e+00 0.000000000000000000e+00 1.000000000000000000e+00 0.000000000000000000e+00
-4.033255885489446801e-01 -9.150565390300466895e-01 0.000000000000000000e+00 -6.753157138824462891e+00 9.150565390300466895e-01 -4.033255885489446801e-01 0.000000000000000000e+00 6.036984443664550781e+00 0.000000000000000000e+00 0.000000000000000000e+00 1.000000000000000000e+00 0.000000000000000000e+00
-5.028824221778509518e-01 -8.643548284498314693e-01 0.000000000000000000e+00 -7.065255641937255859e+00 8.643548284498314693e-01 -5.028824221778509518e-01 0.000000000000000000e+00 5.791408538818359375e+00 0.000000000000000000e+00 0.000000000000000000e+00 1.000000000000000000e+00 0.000000000000000000e+00
-5.874725468324285549e-01 -8.092440958809771212e-01 0.000000000000000000e+00 -7.599349975585937500e+00 8.092440958809771212e-01 -5.874725468324285549e-01 0.000000000000000000e+00 5.716077327728271484e+00 0.000000000000000000e+00 0.000000000000000000e+00 1.000000000000000000e+00 0.000000000000000000e+00
-6.854106243997561965e-01 -7.281567660606720338e-01 0.000000000000000000e+00 -8.074924468994140625e+00 7.281567660606720338e-01 -6.854106243997561965e-01 0.000000000000000000e+00 5.397270202636718750e+00 0.000000000000000000e+00 0.000000000000000000e+00 1.000000000000000000e+00 0.000000000000000000e+00
-7.472723703680648200e-01 -6.645178737133363711e-01 0.000000000000000000e+00 -8.292803764343261719e+00 6.645178737133363711e-01 -7.472723703680648200e-01 0.000000000000000000e+00 5.084597587585449219e+00 0.000000000000000000e+00 0.000000000000000000e+00 1.000000000000000000e+00 0.000000000000000000e+00
-9.505389530642122109e-01 -3.106053745632733620e-01 0.000000000000000000e+00 -8.626796722412109375e+00 3.106053745632733620e-01 -9.505389530642122109e-01 0.000000000000000000e+00 4.676596641540527344e+00 0.000000000000000000e+00 0.000000000000000000e+00 1.000000000000000000e+00 0.000000000000000000e+00
-9.775471811150462376e-01 -2.107166549991408011e-01 0.000000000000000000e+00 -8.770789146423339844e+00 2.107166549991408011e-01 -9.775471811150462376e-01 0.000000000000000000e+00 4.325740337371826172e+00 0.000000000000000000e+00 0.000000000000000000e+00 1.000000000000000000e+00 0.000000000000000000e+00
1.444537322053508765e-01 -9.895115558961121716e-01 0.000000000000000000e+00 -8.665079116821289062e+00 9.895115558961121716e-01 1.444537322053508765e-01 0.000000000000000000e+00 4.418652534484863281e+00 0.000000000000000000e+00 0.000000000000000000e+00 1.000000000000000000e+00 0.000000000000000000e+00
-9.682348785919150380e-01 2.500424361545445229e-01 0.000000000000000000e+00 -8.579529762268066406e+00 -2.500424361545445229e-01 -9.682348785919150380e-01 0.000000000000000000e+00 4.035720825195312500e+00 0.000000000000000000e+00 0.000000000000000000e+00 1.000000000000000000e+00 0.000000000000000000e+00
-8.380693687506952649e-01 5.455636838736713790e-01 0.000000000000000000e+00 -8.505977630615234375e+00 -5.455636838736713790e-01 -8.380693687506952649e-01 0.000000000000000000e+00 3.684175491333007812e+00 0.000000000000000000e+00 0.000000000000000000e+00 1.000000000000000000e+00 0.000000000000000000e+00
-6.360622709808623210e-01 7.716377306966449856e-01 0.000000000000000000e+00 -8.226221084594726562e+00 -7.716377306966449856e-01 -6.360622709808623210e-01 0.000000000000000000e+00 3.275351524353027344e+00 0.000000000000000000e+00 0.000000000000000000e+00 1.000000000000000000e+00 0.000000000000000000e+00
-3.098214409707231720e-01 9.507947595116543749e-01 0.000000000000000000e+00 -7.782106876373291016e+00 -9.507947595116543749e-01 -3.098214409707231720e-01 0.000000000000000000e+00 3.083220958709716797e+00 0.000000000000000000e+00 0.000000000000000000e+00 1.000000000000000000e+00 0.000000000000000000e+00
-2.303126840927742849e-02 9.997347451576642507e-01 0.000000000000000000e+00 -7.291094779968261719e+00 -9.997347451576642507e-01 -2.303126840927742849e-02 0.000000000000000000e+00 3.170405387878417969e+00 0.000000000000000000e+00 0.000000000000000000e+00 1.000000000000000000e+00 0.000000000000000000e+00
1.522599847427106301e-01 9.883404762763434714e-01 0.000000000000000000e+00 -6.655039310455322266e+00 -9.883404762763434714e-01 1.522599847427106301e-01 0.000000000000000000e+00 3.195131063461303711e+00 0.000000000000000000e+00 0.000000000000000000e+00 1.000000000000000000e+00 0.000000000000000000e+00
3.869016649167297262e-01 9.221209799612318792e-01 0.000000000000000000e+00 -6.147095203399658203e+00 -9.221209799612318792e-01 3.869016649167297262e-01 0.000000000000000000e+00 3.372584342956542969e+00 0.000000000000000000e+00 0.000000000000000000e+00 1.000000000000000000e+00 0.000000000000000000e+00
6.699342379738125741e-01 7.424204447551583375e-01 0.000000000000000000e+00 -5.986033916473388672e+00 -7.424204447551583375e-01 6.699342379738125741e-01 0.000000000000000000e+00 3.692599058151245117e+00 0.000000000000000000e+00 0.000000000000000000e+00 1.000000000000000000e+00 0.000000000000000000e+00
8.849375947387014829e-01 4.657096234973910898e-01 0.000000000000000000e+00 -5.804122924804687500e+00 -4.657096234973910898e-01 8.849375947387014829e-01 0.000000000000000000e+00 4.149628639221191406e+00 0.000000000000000000e+00 0.000000000000000000e+00 1.000000000000000000e+00 0.000000000000000000e+00
-9.936639730969937245e-01 -1.123917637956487886e-01 0.000000000000000000e+00 -5.602984428405761719e+00 1.123917637956487886e-01 -9.936639730969937245e-01 0.000000000000000000e+00 4.568050861358642578e+00 0.000000000000000000e+00 0.000000000000000000e+00 1.000000000000000000e+00 0.000000000000000000e+00
-9.905582676472977077e-01 1.370923717629269345e-01 0.000000000000000000e+00 -5.743961811065673828e+00 -1.370923717629269345e-01 -9.905582676472977077e-01 0.000000000000000000e+00 5.258289337158203125e+00 0.000000000000000000e+00 0.000000000000000000e+00 1.000000000000000000e+00 0.000000000000000000e+00
-8.805329928990741628e-01 4.739848609567598459e-01 0.000000000000000000e+00 -5.987543106079101562e+00 -4.739848609567598459e-01 -8.805329928990741628e-01 0.000000000000000000e+00 5.660817146301269531e+00 0.000000000000000000e+00 0.000000000000000000e+00 1.000000000000000000e+00 0.000000000000000000e+00
-7.093504805253224577e-01 7.048559397341375155e-01 0.000000000000000000e+00 -6.148357868194580078e+00 -7.048559397341375155e-01 -7.093504805253224577e-01 0.000000000000000000e+00 6.164726257324218750e+00 0.000000000000000000e+00 0.000000000000000000e+00 1.000000000000000000e+00 0.000000000000000000e+00
-4.788631676335958209e-01 8.778895526681694816e-01 0.000000000000000000e+00 -6.474732875823974609e+00 -8.778895526681694816e-01 -4.788631676335958209e-01 0.000000000000000000e+00 6.374722003936767578e+00 0.000000000000000000e+00 0.000000000000000000e+00 1.000000000000000000e+00 0.000000000000000000e+00
-1.072850114736654537e-01 9.942283069361360637e-01 0.000000000000000000e+00 -6.985364913940429688e+00 -9.942283069361360637e-01 -1.072850114736654537e-01 0.000000000000000000e+00 6.562684059143066406e+00 0.000000000000000000e+00 0.000000000000000000e+00 1.000000000000000000e+00 0.000000000000000000e+00
1.749048240028825141e-01 9.845853454833261020e-01 0.000000000000000000e+00 -7.367411136627197266e+00 -9.845853454833261020e-01 1.749048240028825141e-01 0.000000000000000000e+00 6.658197402954101562e+00 0.000000000000000000e+00 0.000000000000000000e+00 1.000000000000000000e+00 0.000000000000000000e+00
6.745036688145409354e-01 7.382714952886397786e-01 0.000000000000000000e+00 -7.773625850677490234e+00 -7.382714952886397786e-01 6.745036688145409354e-01 0.000000000000000000e+00 6.508940696716308594e+00 0.000000000000000000e+00 0.000000000000000000e+00 1.000000000000000000e+00 0.000000000000000000e+00
8.709429099317912426e-01 4.913842159039541468e-01 0.000000000000000000e+00 -8.109868049621582031e+00 -4.913842159039541468e-01 8.709429099317912426e-01 0.000000000000000000e+00 6.275943279266357422e+00 0.000000000000000000e+00 0.000000000000000000e+00 1.000000000000000000e+00 0.000000000000000000e+00
9.523504232639100620e-01 3.050060184800478247e-01 0.000000000000000000e+00 -8.201581954956054688e+00 -3.050060184800478247e-01 9.523504232639100620e-01 0.000000000000000000e+00 5.920484542846679688e+00 0.000000000000000000e+00 0.000000000000000000e+00 1.000000000000000000e+00 0.000000000000000000e+00
9.999293333986947196e-01 1.188815413939514620e-02 0.000000000000000000e+00 -8.198463439941406250e+00 -1.188815413939514620e-02 9.999293333986947196e-01 0.000000000000000000e+00 5.941133975982666016e+00 0.000000000000000000e+00 0.000000000000000000e+00 1.000000000000000000e+00 0.000000000000000000e+00
9.994336290797279920e-01 3.365146452273182903e-02 0.000000000000000000e+00 -8.228809356689453125e+00 -3.365146452273182903e-02 9.994336290797279920e-01 0.000000000000000000e+00 5.429418563842773438e+00 0.000000000000000000e+00 0.000000000000000000e+00 1.000000000000000000e+00 0.000000000000000000e+00
9.918958694558271949e-01 -1.270534696750489356e-01 0.000000000000000000e+00 -8.300640106201171875e+00 1.270534696750489356e-01 9.918958694558271949e-01 0.000000000000000000e+00 4.909096240997314453e+00 0.000000000000000000e+00 0.000000000000000000e+00 1.000000000000000000e+00 0.000000000000000000e+00
9.559926879542238742e-01 -2.933904916285768327e-01 0.000000000000000000e+00 -8.207463264465332031e+00 2.933904916285768327e-01 9.559926879542238742e-01 0.000000000000000000e+00 4.402268409729003906e+00 0.000000000000000000e+00 0.000000000000000000e+00 1.000000000000000000e+00 0.000000000000000000e+00
9.167274291163874933e-01 -3.995132297004178046e-01 0.000000000000000000e+00 -8.105580329895019531e+00 3.995132297004178046e-01 9.167274291163874933e-01 0.000000000000000000e+00 4.000975608825683594e+00 0.000000000000000000e+00 0.000000000000000000e+00 1.000000000000000000e+00 0.000000000000000000e+00
8.531201042353696584e-01 -5.217145653989661014e-01 0.000000000000000000e+00 -7.855225563049316406e+00 5.217145653989661014e-01 8.531201042353696584e-01 0.000000000000000000e+00 3.468648672103881836e+00 0.000000000000000000e+00 0.000000000000000000e+00 1.000000000000000000e+00 0.000000000000000000e+00
8.741181416101776458e-01 -4.857133666144770046e-01 0.000000000000000000e+00 -7.517673015594482422e+00 4.857133666144770046e-01 8.741181416101776458e-01 0.000000000000000000e+00 2.938024997711181641e+00 0.000000000000000000e+00 0.000000000000000000e+00 1.000000000000000000e+00 0.000000000000000000e+00
8.412651776672493975e-01 -5.406226973079204523e-01 0.000000000000000000e+00 -7.116263866424560547e+00 5.406226973079204523e-01 8.412651776672493975e-01 0.000000000000000000e+00 2.358153343200683594e+00 0.000000000000000000e+00 0.000000000000000000e+00 1.000000000000000000e+00 0.000000000000000000e+00
7.793059245230645748e-01 -6.266436595093352047e-01 0.000000000000000000e+00 -6.870439052581787109e+00 6.266436595093352047e-01 7.793059245230645748e-01 0.000000000000000000e+00 1.996174454689025879e+00 0.000000000000000000e+00 0.000000000000000000e+00 1.000000000000000000e+00 0.000000000000000000e+00
6.450530274391481633e-01 -7.641378094241833008e-01 0.000000000000000000e+00 -6.502868175506591797e+00 7.641378094241833008e-01 6.450530274391481633e-01 0.000000000000000000e+00 1.571195006370544434e+00 0.000000000000000000e+00 0.000000000000000000e+00 1.000000000000000000e+00 0.000000000000000000e+00
6.806352288535496564e-01 -7.326224711565132441e-01 0.000000000000000000e+00 -6.037402153015136719e+00 7.326224711565132441e-01 6.806352288535496564e-01 0.000000000000000000e+00 1.150866985321044922e+00 0.000000000000000000e+00 0.000000000000000000e+00 1.000000000000000000e+00 0.000000000000000000e+00
7.415527679378965953e-01 -6.708945463809078413e-01 0.000000000000000000e+00 -5.663528442382812500e+00 6.708945463809078413e-01 7.415527679378965953e-01 0.000000000000000000e+00 8.899556994438171387e-01 0.000000000000000000e+00 0.000000000000000000e+00 1.000000000000000000e+00 0.000000000000000000e+00
7.282655011567182868e-01 -6.852950895964117217e-01 0.000000000000000000e+00 -5.327402114868164062e+00 6.852950895964117217e-01 7.282655011567182868e-01 0.000000000000000000e+00 4.406583607196807861e-01 0.000000000000000000e+00 0.000000000000000000e+00 1.000000000000000000e+00 0.000000000000000000e+00
6.230076852420441957e-01 -7.822157145758131813e-01 0.000000000000000000e+00 -4.994599342346191406e+00 7.822157145758131813e-01 6.230076852420441957e-01 0.000000000000000000e+00 1.510301083326339722e-01 0.000000000000000000e+00 0.000000000000000000e+00 1.000000000000000000e+00 0.000000000000000000e+00
5.496611868918978017e-01 -8.353876822317828355e-01 0.000000000000000000e+00 -4.501997947692871094e+00 8.353876822317828355e-01 5.496611868918978017e-01 0.000000000000000000e+00 -2.644826173782348633e-01 0.000000000000000000e+00 0.000000000000000000e+00 1.000000000000000000e+00 0.000000000000000000e+00
3.550349694752950036e-01 -9.348530207736809317e-01 0.000000000000000000e+00 -4.171712398529052734e+00 9.348530207736809317e-01 3.550349694752950036e-01 0.000000000000000000e+00 -7.150526046752929688e-01 0.000000000000000000e+00 0.000000000000000000e+00 1.000000000000000000e+00 0.000000000000000000e+00
4.181540062119925016e-01 -9.083761484588094293e-01 0.000000000000000000e+00 -3.654352188110351562e+00 9.083761484588094293e-01 4.181540062119925016e-01 0.000000000000000000e+00 -8.798653483390808105e-01 0.000000000000000000e+00 0.000000000000000000e+00 1.000000000000000000e+00 0.000000000000000000e+00
5.648413312813318488e-01 -8.251995337349220527e-01 0.000000000000000000e+00 -3.142554283142089844e+00 8.251995337349220527e-01 5.648413312813318488e-01 0.000000000000000000e+00 -1.079714179039001465e+00 0.000000000000000000e+00 0.000000000000000000e+00 1.000000000000000000e+00 0.000000000000000000e+00
4.703729805060838931e-01 -8.824677100097335636e-01 0.000000000000000000e+00 -2.552381038665771484e+00 8.824677100097335636e-01 4.703729805060838931e-01 0.000000000000000000e+00 -1.454781532287597656e+00 0.000000000000000000e+00 0.000000000000000000e+00 1.000000000000000000e+00 0.000000000000000000e+00
4.478539277670935959e-01 -8.941067382497387417e-01 0.000000000000000000e+00 -2.085254907608032227e+00 8.941067382497387417e-01 4.478539277670935959e-01 0.000000000000000000e+00 -1.478730797767639160e+00 0.000000000000000000e+00 0.000000000000000000e+00 1.000000000000000000e+00 0.000000000000000000e+00
3.367682721678378344e-01 -9.415875587862708729e-01 0.000000000000000000e+00 -2.107057332992553711e+00 9.415875587862708729e-01 3.367682721678378344e-01 0.000000000000000000e+00 -1.532831549644470215e+00 0.000000000000000000e+00 0.000000000000000000e+00 1.000000000000000000e+00 0.000000000000000000e+00
2.551561077708452419e-01 -9.668998710658890383e-01 0.000000000000000000e+00 -1.632432818412780762e+00 9.668998710658890383e-01 2.551561077708452419e-01 0.000000000000000000e+00 -1.612564921379089355e+00 0.000000000000000000e+00 0.000000000000000000e+00 1.000000000000000000e+00 0.000000000000000000e+00
1.161125419963052186e-01 -9.932360633762531421e-01 0.000000000000000000e+00 -1.241160154342651367e+00 9.932360633762531421e-01 1.161125419963052186e-01 0.000000000000000000e+00 -1.482881665229797363e+00 0.000000000000000000e+00 0.000000000000000000e+00 1.000000000000000000e+00 0.000000000000000000e+00
-6.737909499147999581e-02 -9.977274465294262429e-01 0.000000000000000000e+00 -8.033865094184875488e-01 9.977274465294262429e-01 -6.737909499147999581e-02 0.000000000000000000e+00 -1.341647028923034668e+00 0.000000000000000000e+00 0.000000000000000000e+00 1.000000000000000000e+00 0.000000000000000000e+00
-2.720794912442896507e-01 -9.622747790752121944e-01 0.000000000000000000e+00 -3.159484863281250000e-01 9.622747790752121944e-01 -2.720794912442896507e-01 0.000000000000000000e+00 -1.269799590110778809e+00 0.000000000000000000e+00 0.000000000000000000e+00 1.000000000000000000e+00 0.000000000000000000e+00
-4.253193991715794597e-01 -9.050433186805627583e-01 0.000000000000000000e+00 -8.087415248155593872e-02 9.050433186805627583e-01 -4.253193991715794597e-01 0.000000000000000000e+00 -1.003588795661926270e+00 0.000000000000000000e+00 0.000000000000000000e+00 1.000000000000000000e+00 0.000000000000000000e+00
-5.504485413881882172e-01 -8.348690935012602621e-01 0.000000000000000000e+00 1.987161785364151001e-01 8.348690935012602621e-01 -5.504485413881882172e-01 0.000000000000000000e+00 -7.668052315711975098e-01 0.000000000000000000e+00 0.000000000000000000e+00 1.000000000000000000e+00 0.000000000000000000e+00
-6.847052425306812129e-01 -7.288200949829807263e-01 0.000000000000000000e+00 4.503575861454010010e-01 7.288200949829807263e-01 -6.847052425306812129e-01 0.000000000000000000e+00 -5.899401903152465820e-01 0.000000000000000000e+00 0.000000000000000000e+00 1.000000000000000000e+00 0.000000000000000000e+00
-8.047947570622666635e-01 -5.935531981255657286e-01 0.000000000000000000e+00 6.802874207496643066e-01 5.935531981255657286e-01 -8.047947570622666635e-01 0.000000000000000000e+00 -1.965997219085693359e-01 0.000000000000000000e+00 0.000000000000000000e+00 1.000000000000000000e+00 0.000000000000000000e+00
-8.660238308809029562e-01 -5.000027243389432163e-01 0.000000000000000000e+00 9.054537415504455566e-01 5.000027243389432163e-01 -8.660238308809029562e-01 0.000000000000000000e+00 7.451397180557250977e-02 0.000000000000000000e+00 0.000000000000000000e+00 1.000000000000000000e+00 0.000000000000000000e+00
9.249235450006663140e-01 3.801531742645328782e-01 0.000000000000000000e+00 1.101426482200622559e+00 -3.801531742645328782e-01 9.249235450006663140e-01 0.000000000000000000e+00 5.058111548423767090e-01 0.000000000000000000e+00 0.000000000000000000e+00 1.000000000000000000e+00 0.000000000000000000e+00
9.552148567866257656e-01 2.959131247074149873e-01 0.000000000000000000e+00 1.170442581176757812e+00 -2.959131247074149873e-01 9.552148567866257656e-01 0.000000000000000000e+00 8.898181319236755371e-01 0.000000000000000000e+00 0.000000000000000000e+00 1.000000000000000000e+00 0.000000000000000000e+00
9.729975776802815002e-01 2.308153240759908131e-01 0.000000000000000000e+00 1.258044600486755371e+00 -2.308153240759908131e-01 9.729975776802815002e-01 0.000000000000000000e+00 1.340721368789672852e+00 0.000000000000000000e+00 0.000000000000000000e+00 1.000000000000000000e+00 0.000000000000000000e+00
9.959629925575947951e-01 8.976478962110046034e-02 0.000000000000000000e+00 1.316277384757995605e+00 -8.976478962110046034e-02 9.959629925575947951e-01 0.000000000000000000e+00 1.923739790916442871e+00 0.000000000000000000e+00 0.000000000000000000e+00 1.000000000000000000e+00 0.000000000000000000e+00
9.851245691158433404e-01 -1.718417391797579796e-01 0.000000000000000000e+00 1.224013447761535645e+00 1.718417391797579796e-01 9.851245691158433404e-01 0.000000000000000000e+00 2.168252468109130859e+00 0.000000000000000000e+00 0.000000000000000000e+00 1.000000000000000000e+00 0.000000000000000000e+00
9.481507304421609161e-01 -3.178210067978463615e-01 0.000000000000000000e+00 1.096503615379333496e+00 3.178210067978463615e-01 9.481507304421609161e-01 0.000000000000000000e+00 2.518105745315551758e+00 0.000000000000000000e+00 0.000000000000000000e+00 1.000000000000000000e+00 0.000000000000000000e+00
8.670105831076805325e-01 -4.982897237343750785e-01 0.000000000000000000e+00 7.220291495323181152e-01 4.982897237343750785e-01 8.670105831076805325e-01 0.000000000000000000e+00 2.962755918502807617e+00 0.000000000000000000e+00 0.000000000000000000e+00 1.000000000000000000e+00 0.000000000000000000e+00
8.265216721113632925e-01 -5.629048991883407460e-01 0.000000000000000000e+00 4.170265197753906250e-01 5.629048991883407460e-01 8.265216721113632925e-01 0.000000000000000000e+00 3.475928068161010742e+00 0.000000000000000000e+00 0.000000000000000000e+00 1.000000000000000000e+00 0.000000000000000000e+00
7.629968703162215427e-01 -6.464021781272484279e-01 0.000000000000000000e+00 3.167042136192321777e-01 6.464021781272484279e-01 7.629968703162215427e-01 0.000000000000000000e+00 3.714823246002197266e+00 0.000000000000000000e+00 0.000000000000000000e+00 1.000000000000000000e+00 0.000000000000000000e+00
-6.792071609018075495e-01 7.339466142572674823e-01 0.000000000000000000e+00 -1.607113927602767944e-01 -7.339466142572674823e-01 -6.792071609018075495e-01 0.000000000000000000e+00 3.976984500885009766e+00 0.000000000000000000e+00 0.000000000000000000e+00 1.000000000000000000e+00 0.000000000000000000e+00
