9.999999999041202514e-01 1.384772622214742697e-05 0.000000000000000000e+00 -8.000000000000000000e+00 -1.384772622214742697e-05 9.999999999041202514e-01 0.000000000000000000e+00 5.000000000000000000e+00 0.000000000000000000e+00 0.000000000000000000e+00 1.000000000000000000e+00 0.000000000000000000e+00
9.973738097002553538e-01 -7.242571176038786751e-02 0.000000000000000000e+00 -8.008795738220214844e+00 7.242571176038786751e-02 9.973738097002553538e-01 0.000000000000000000e+00 4.602876186370849609e+00 0.000000000000000000e+00 0.000000000000000000e+00 1.000000000000000000e+00 0.000000000000000000e+00
9.891833721085425690e-01 -1.466842061844849665e-01 0.000000000000000000e+00 -7.984993934631347656e+00 1.466842061844849665e-01 9.891833721085425690e-01 0.000000000000000000e+00 4.206934452056884766e+00 0.000000000000000000e+00 0.000000000000000000e+00 1.000000000000000000e+00 0.000000000000000000e+00
9.598720359948658132e-01 -2.804383613471434500e-01 0.000000000000000000e+00 -7.885617256164550781e+00 2.804383613471434500e-01 9.598720359948658132e-01 0.000000000000000000e+00 3.880986690521240234e+00 0.000000000000000000e+00 0.000000000000000000e+00 1.000000000000000000e+00 0.000000000000000000e+00
9.242078754399006835e-01 -3.818897785681950041e-01 0.000000000000000000e+00 -7.726051330566406250e+00 3.818897785681950041e-01 9.242078754399006835e-01 0.000000000000000000e+00 3.568229198455810547e+00 0.000000000000000000e+00 0.000000000000000000e+00 1.000000000000000000e+00 0.000000000000000000e+00
8.529911205273931207e-01 -5.219254240803203881e-01 0.000000000000000000e+00 -7.557349205017089844e+00 5.219254240803203881e-01 8.529911205273931207e-01 0.000000000000000000e+00 3.106073856353759766e+00 0.000000000000000000e+00 0.000000000000000000e+00 1.000000000000000000e+00 0.000000000000000000e+00
8.726180247171975157e-01 -4.884032994756039026e-01 0.000000000000000000e+00 -7.153722763061523438e+00 4.884032994756039026e-01 8.726180247171975157e-01 0.000000000000000000e+00 2.730046033859252930e+00 0.000000000000000000e+00 0.000000000000000000e+00 1.000000000000000000e+00 0.000000000000000000e+00
8.628423073480504524e-01 -5.054731967674372939e-01 0.000000000000000000e+00 -6.892191886901855469e+00 5.054731967674372939e-01 8.628423073480504524e-01 0.000000000000000000e+00 2.330314397811889648e+00 0.000000000000000000e+00 0.000000000000000000e+00 1.000000000000000000e+00 0.000000000000000000e+00
7.775076090888793923e-01 -6.288735308540933655e-01 0.000000000000000000e+00 -6.622990608215332031e+00 6.288735308540933655e-01 7.775076090888793923e-01 0.000000000000000000e+00 1.997133255004882812e+00 0.000000000000000000e+00 0.000000000000000000e+00 1.000000000000000000e+00 0.000000000000000000e+00
7.096847600780764598e-01 -7.045193690118981555e-01 0.000000000000000000e+00 -6.331707000732421875e+00 7.045193690118981555e-01 7.096847600780764598e-01 0.000000000000000000e+00 1.590350270271301270e+00 0.000000000000000000e+00 0.000000000000000000e+00 1.000000000000000000e+00 0.000000000000000000e+00
6.729851056233924211e-01 -7.396560333080988148e-01 0.000000000000000000e+00 -5.934162616729736328e+00 7.396560333080988148e-01 6.729851056233924211e-01 0.000000000000000000e+00 1.347187399864196777e+00 0.000000000000000000e+00 0.000000000000000000e+00 1.000000000000000000e+00 0.000000000000000000e+00
7.619361170527870764e-01 -6.476521856139462185e-01 0.000000000000000000e+00 -5.690777301788330078e+00 6.476521856139462185e-01 7.619361170527870764e-01 0.000000000000000000e+00 1.031802296638488770e+00 0.000000000000000000e+00 0.000000000000000000e+00 1.000000000000000000e+00 0.000000000000000000e+00
7.334186338099109026e-01 -6.797772485015983746e-01 0.000000000000000000e+00 -5.346273899078369141e+00 6.797772485015983746e-01 7.334186338099109026e-01 0.000000000000000000e+00 7.668155431747436523e-01 0.000000000000000000e+00 0.000000000000000000e+00 1.000000000000000000e+00 0.000000000000000000e+00
6.912536708062276825e-01 -7.226121799394993328e-01 0.000000000000000000e+00 -5.079687118530273438e+00 7.226121799394993328e-01 6.912536708062276825e-01 0.000000000000000000e+00 2.476933896541595459e-01 0.000000000000000000e+00 0.000000000000000000e+00 1.000000000000000000e+00 0.000000000000000000e+00
5.448958779780100903e-01 -8.385037162485170503e-01 0.000000000000000000e+00 -4.749023437500000000e+00 8.385037162485170503e-01 5.448958779780100903e-01 0.000000000000000000e+00 1.365776807069778442e-01 0.000000000000000000e+00 0.000000000000000000e+00 1.000000000000000000e+00 0.000000000000000000e+00
5.387181394650445432e-01 -8.424860629181475380e-01 0.000000000000000000e+00 -4.336868762969970703e+00 8.424860629181475380e-01 5.387181394650445432e-01 0.000000000000000000e+00 -1.624400615692138672e-01 0.000000000000000000e+00 0.000000000000000000e+00 1.000000000000000000e+00 0.000000000000000000e+00
4.281536435975189514e-01 -9.037059574187661370e-01 0.000000000000000000e+00 -4.142142772674560547e+00 9.037059574187661370e-01 4.281536435975189514e-01 0.000000000000000000e+00 -4.045458734035491943e-01 0.000000000000000000e+00 0.000000000000000000e+00 1.000000000000000000e+00 0.000000000000000000e+00
4.058530017519982325e-01 -9.139383682551535104e-01 0.000000000000000000e+00 -3.554896593093872070e+00 9.139383682551535104e-01 4.058530017519982325e-01 0.000000000000000000e+00 -5.712993144989013672e-01 0.000000000000000000e+00 0.000000000000000000e+00 1.000000000000000000e+00 0.000000000000000000e+00
4.716560075721100143e-01 -8.817826322405866168e-01 0.000000000000000000e+00 -3.195892333984375000e+00 8.817826322405866168e-01 4.716560075721100143e-01 0.000000000000000000e+00 -8.675643205642700195e-01 0.000000000000000000e+00 0.000000000000000000e+00 1.000000000000000000e+00 0.000000000000000000e+00
4.631261458113764551e-01 -8.862923744825403904e-01 0.000000000000000000e+00 -2.838296890258789062e+00 8.862923744825403904e-01 4.631261458113764551e-01 0.000000000000000000e+00 -8.644093275070190430e-01 0.000000000000000000e+00 0.000000000000000000e+00 1.000000000000000000e+00 0.000000000000000000e+00
3.414841890200798757e-01 -9.398875191475298818e-01 0.000000000000000000e+00 -2.915903329849243164e+00 9.398875191475298818e-01 3.414841890200798757e-01 0.000000000000000000e+00 -9.922483563423156738e-01 0.000000000000000000e+00 0.000000000000000000e+00 1.000000000000000000e+00 0.000000000000000000e+00
2.274727962374257506e-01 -9.737844355769538218e-01 0.000000000000000000e+00 -2.620000362396240234e+00 9.737844355769538218e-01 2.274727962374257506e-01 0.000000000000000000e+00 -9.672600030899047852e-01 0.000000000000000000e+00 0.000000000000000000e+00 1.000000000000000000e+00 0.000000000000000000e+00
1.040164829847603639e-01 -9.945755734319444707e-01 0.000000000000000000e+00 -2.125434637069702148e+00 9.945755734319444707e-01 1.040164829847603639e-01 0.000000000000000000e+00 -9.539247751235961914e-01 0.000000000000000000e+00 0.000000000000000000e+00 1.000000000000000000e+00 0.000000000000000000e+00
-1.135153026857520647e-01 -9.935362479830125437e-01 0.000000000000000000e+00 -1.715199351310729980e+00 9.935362479830125437e-01 -1.135153026857520647e-01 0.000000000000000000e+00 -8.603466749191284180e-01 0.000000000000000000e+00 0.000000000000000000e+00 1.000000000000000000e+00 0.000000000000000000e+00
-2.740069100049656869e-01 -9.617277230430297807e-01 0.000000000000000000e+00 -1.284571290016174316e+00 9.617277230430297807e-01 -2.740069100049656869e-01 0.000000000000000000e+00 -7.807286977767944336e-01 0.000000000000000000e+00 0.000000000000000000e+00 1.000000000000000000e+00 0.000000000000000000e+00
-4.116893624956853293e-01 -9.113242391201368253e-01 0.000000000000000000e+00 -9.799233078956604004e-01 9.113242391201368253e-01 -4.116893624956853293e-01 0.000000000000000000e+00 -5.747398138046264648e-01 0.000000000000000000e+00 0.000000000000000000e+00 1.000000000000000000e+00 0.000000000000000000e+00
-5.606443535477473317e-01 -8.280567062919232946e-01 0.000000000000000000e+00 -8.149641752243041992e-01 8.280567062919232946e-01 -5.606443535477473317e-01 0.000000000000000000e+00 -3.179978728294372559e-01 0.000000000000000000e+00 0.000000000000000000e+00 1.000000000000000000e+00 0.000000000000000000e+00
-6.444041935020905498e-01 -7.646850563447151750e-01 0.000000000000000000e+00 -6.473600268363952637e-01 7.646850563447151750e-01 -6.444041935020905498e-01 0.000000000000000000e+00 -1.169395744800567627e-01 0.000000000000000000e+00 0.000000000000000000e+00 1.000000000000000000e+00 0.000000000000000000e+00
-7.996919972966293200e-01 -6.004104508248734318e-01 0.000000000000000000e+00 -3.933326900005340576e-01 6.004104508248734318e-01 -7.996919972966293200e-01 0.000000000000000000e+00 2.260994613170623779e-01 0.000000000000000000e+00 0.000000000000000000e+00 1.000000000000000000e+00 0.000000000000000000e+00
-8.962045667442908314e-01 -4.436410424506258554e-01 0.000000000000000000e+00 -7.823117077350616455e-02 4.436410424506258554e-01 -8.962045667442908314e-01 0.000000000000000000e+00 6.333253383636474609e-01 0.000000000000000000e+00 0.000000000000000000e+00 1.000000000000000000e+00 0.000000000000000000e+00
9.249611882188807366e-01 3.800615743385750700e-01 0.000000000000000000e+00 4.696594923734664917e-02 -3.800615743385750700e-01 9.249611882188807366e-01 0.000000000000000000e+00 9.522213935852050781e-01 0.000000000000000000e+00 0.000000000000000000e+00 1.000000000000000000e+00 0.000000000000000000e+00
9.584977031638626244e-01 2.851002508409978264e-01 0.000000000000000000e+00 1.700266450643539429e-01 -2.851002508409978264e-01 9.584977031638626244e-01 0.000000000000000000e+00 1.475280165672302246e+00 0.000000000000000000e+00 0.000000000000000000e+00 1.000000000000000000e+00 0.000000000000000000e+00
9.741937218776930418e-01 2.257135181022350001e-01 0.000000000000000000e+00 2.540487945079803467e-01 -2.257135181022350001e-01 9.741937218776930418e-01 0.000000000000000000e+00 1.879240512847900391e+00 0.000000000000000000e+00 0.000000000000000000e+00 1.000000000000000000e+00 0.000000000000000000e+00
9.999968821670852659e-01 2.497129573868597449e-03 0.000000000000000000e+00 3.895949721336364746e-01 -2.497129573868597449e-03 9.999968821670852659e-01 0.000000000000000000e+00 2.116313934326171875e+00 0.000000000000000000e+00 0.000000000000000000e+00 1.000000000000000000e+00 0.000000000000000000e+00
9.810692160200226164e-01 -1.936574124010185805e-01 0.000000000000000000e+00 1.743447035551071167e-01 1.936574124010185805e-01 9.810692160200226164e-01 0.000000000000000000e+00 2.554763078689575195e+00 0.000000000000000000e+00 0.000000000000000000e+00 1.000000000000000000e+00 0.000000000000000000e+00
9.385558771765292185e-01 -3.451273176921753616e-01 0.000000000000000000e+00 2.301065484061839798e-03 3.451273176921753616e-01 9.385558771765292185e-01 0.000000000000000000e+00 3.011106729507446289e+00 0.000000000000000000e+00 0.000000000000000000e+00 1.000000000000000000e+00 0.000000000000000000e+00
8.668907467053181826e-01 -4.984981778067957836e-01 0.000000000000000000e+00 -2.735108137130737305e-01 4.984981778067957836e-01 8.668907467053181826e-01 0.000000000000000000e+00 3.297250032424926758e+00 0.000000000000000000e+00 0.000000000000000000e+00 1.000000000000000000e+00 0.000000000000000000e+00
7.719132324179837079e-01 -6.357278990401631358e-01 0.000000000000000000e+00 -4.153331518173217773e-01 6.357278990401631358e-01 7.719132324179837079e-01 0.000000000000000000e+00 3.742508649826049805e+00 0.000000000000000000e+00 0.000000000000000000e+00 1.000000000000000000e+00 0.000000000000000000e+00
7.640589952525081996e-01 -6.451463801136356757e-01 0.000000000000000000e+00 -5.910101532936096191e-01 6.451463801136356757e-01 7.640589952525081996e-01 0.000000000000000000e+00 4.140332221984863281e+00 0.000000000000000000e+00 0.000000000000000000e+00 1.000000000000000000e+00 0.000000000000000000e+00
7.477935235235226852e-01 -6.639313565243584181e-01 0.000000000000000000e+00 -9.234936237335205078e-01 6.639313565243584181e-01 7.477935235235226852e-01 0.000000000000000000e+00 4.598730564117431641e+00 0.000000000000000000e+00 0.000000000000000000e+00 1.000000000000000000e+00 0.000000000000000000e+00
-7.587287092347581030e-01 6.514067437346330314e-01 0.000000000000000000e+00 -8.352952599525451660e-01 -6.514067437346330314e-01 -7.587287092347581030e-01 0.000000000000000000e+00 4.457381725311279297e+00 0.000000000000000000e+00 0.000000000000000000e+00 1.000000000000000000e+00 0.000000000000000000e+00
6.332171267410751092e-01 -7.739742052560777408e-01 0.000000000000000000e+00 -1.408505916595458984e+00 7.739742052560777408e-01 6.332171267410751092e-01 0.000000000000000000e+00 4.917658805847167969e+00 0.000000000000000000e+00 0.000000000000000000e+00 1.000000000000000000e+00 0.000000000000000000e+00
4.759359713534704328e-01 -8.794799322166643174e-01 0.000000000000000000e+00 -1.789816498756408691e+00 8.794799322166643174e-01 4.759359713534704328e-01 0.000000000000000000e+00 5.141693592071533203e+00 0.000000000000000000e+00 0.000000000000000000e+00 1.000000000000000000e+00 0.000000000000000000e+00
3.824597855716666550e-01 -9.239721383356073181e-01 0.000000000000000000e+00 -2.224849700927734375e+00 9.239721383356073181e-01 3.824597855716666550e-01 0.000000000000000000e+00 5.494446277618408203e+00 0.000000000000000000e+00 0.000000000000000000e+00 1.000000000000000000e+00 0.000000000000000000e+00
2.760405591587320462e-01 -9.611459877143193609e-01 0.000000000000000000e+00 -2.687586784362792969e+00 9.611459877143193609e-01 2.760405591587320462e-01 0.000000000000000000e+00 5.779798984527587891e+00 0.000000000000000000e+00 0.000000000000000000e+00 1.000000000000000000e+00 0.000000000000000000e+00
2.129292284291031401e-01 -9.770676249270502378e-01 0.000000000000000000e+00 -3.172242641448974609e+00 9.770676249270502378e-01 2.129292284291031401e-01 0.000000000000000000e+00 5.833214759826660156e+00 0.000000000000000000e+00 0.000000000000000000e+00 1.000000000000000000e+00 0.000000000000000000e+00
1.815963699446871693e-01 -9.833731531941027892e-01 0.000000000000000000e+00 -3.555883646011352539e+00 9.833731531941027892e-01 1.815963699446871693e-01 0.000000000000000000e+00 5.875027656555175781e+00 0.000000000000000000e+00 0.000000000000000000e+00 1.000000000000000000e+00 0.000000000000000000e+00
5.546060408111817136e-02 -9.984608762465144727e-01 0.000000000000000000e+00 -4.066695213317871094e+00 9.984608762465144727e-01 5.546060408111817136e-02 0.000000000000000000e+00 6.187034606933593750e+00 0.000000000000000000e+00 0.000000000000000000e+00 1.000000000000000000e+00 0.000000000000000000e+00
-7.332603417814273494e-02 -9.973080229857302914e-01 0.000000000000000000e+00 -4.539426803588867188e+00 9.973080229857302914e-01 -7.332603417814273494e-02 0.000000000000000000e+00 6.167087554931640625e+00 0.000000000000000000e+00 0.000000000000000000e+00 1.000000000000000000e+00 0.000000000000000000e+00
-1.027673754118956506e-01 -9.947054169707484350e-01 0.000000000000000000e+00 -5.115480422973632812e+00 9.947054169707484350e-01 -1.027673754118956506e-01 0.000000000000000000e+00 6.160109043121337891e+00 0.000000000000000000e+00 0.000000000000000000e+00 1.000000000000000000e+00 0.000000000000000000e+00
-1.877232923944465171e-01 -9.822219532735914083e-01 0.000000000000000000e+00 -5.561388015747070312e+00 9.822219532735914083e-01 -1.877232923944465171e-01 0.000000000000000000e+00 6.204485893249511719e+00 0.000000000000000000e+00 0.000000000000000000e+00 1.000000000000000000e+00 0.000000000000000000e+00
-1.612374466819533336e-01 -9.869156426906426915e-01 0.000000000000000000e+00 -6.002997875213623047e+00 9.869156426906426915e-01 -1.612374466819533336e-01 0.000000000000000000e+00 6.042150974273681641e+00 0.000000000000000000e+00 0.000000000000000000e+00 1.000000000000000000e+00 0.000000000000000000e+00
-3.545938676482068286e-01 -9.350204217161708353e-01 0.000000000000000000e+00 -6.465693950653076172e+00 9.350204217161708353e-01 -3.545938676482068286e-01 0.000000000000000000e+00 6.016521453857421875e+00 0.000000000000000000e+00 0.000000000000000000e+00 1.000000000000000000e+00 0.000000000000000000e+00
-4.050387959411432259e-01 -9.142994989512730486e-01 0.000000000000000000e+00 -6.753780841827392578e+00 9.142994989512730486e-01 -4.050387959411432259e-01 0.000000000000000000e+00 6.043495178222656250e+00 0.000000000000000000e+00 0.000000000000000000e+00 1.000000000000000000e+00 0.000000000000000000e+00
-5.046145281986645914e-01 -8.633447619177631038e-01 0.000000000000000000e+00 -7.065417289733886719e+00 8.633447619177631038e-01 -5.046145281986645914e-01 0.000000000000000000e+00 5.797360897064208984e+00 0.000000000000000000e+00 0.000000000000000000e+00 1.000000000000000000e+00 0.000000000000000000e+00
-5.892118805172319451e-01 -8.079785639838146238e-01 0.000000000000000000e+00 -7.599354267120361328e+00 8.079785639838146238e-01 -5.892118805172319451e-01 0.000000000000000000e+00 5.720985889434814453e+00 0.000000000000000000e+00 0.000000000000000000e+00 1.000000000000000000e+00 0.000000000000000000e+00
-6.870877455399697631e-01 -7.265744489925322069e-01 0.000000000000000000e+00 -8.074232101440429688e+00 7.265744489925322069e-01 -6.870877455399697631e-01 0.000000000000000000e+00 5.401185035705566406e+00 0.000000000000000000e+00 0.000000000000000000e+00 1.000000000000000000e+00 0.000000000000000000e+00
-7.489049815088685280e-01 -6.626773941151163916e-01 0.000000000000000000e+00 -8.291375160217285156e+00 6.626773941151163916e-01 -7.489049815088685280e-01 0.000000000000000000e+00 5.088040828704833984e+00 0.000000000000000000e+00 0.000000000000000000e+00 1.000000000000000000e+00 0.000000000000000000e+00
-9.513478540234919789e-01 -3.081189066657491482e-01 0.000000000000000000e+00 -8.624343872070312500e+00 3.081189066657491482e-01 -9.513478540234919789e-01 0.000000000000000000e+00 4.679251194000244141e+00 0.000000000000000000e+00 0.000000000000000000e+00 1.000000000000000000e+00 0.000000000000000000e+00
-9.781255667713195656e-01 -2.080153254649396433e-01 0.000000000000000000e+00 -8.767394065856933594e+00 2.080153254649396433e-01 -9.781255667713195656e-01 0.000000000000000000e+00 4.328052520751953125e+00 0.000000000000000000e+00 0.000000000000000000e+00 1.000000000000000000e+00 0.000000000000000000e+00
1.415753983599891686e-01 -9.899274754138357446e-01 0.000000000000000000e+00 -8.661911010742187500e+00 9.899274754138357446e-01 1.415753983599891686e-01 0.000000000000000000e+00 4.421290874481201172e+00 0.000000000000000000e+00 0.000000000000000000e+00 1.000000000000000000e+00 0.000000000000000000e+00
-9.674716449499579651e-01 2.529794778590202520e-01 0.000000000000000000e+00 -8.575215339660644531e+00 -2.529794778590202520e-01 -9.674716449499579651e-01 0.000000000000000000e+00 4.038645744323730469e+00 0.000000000000000000e+00 0.000000000000000000e+00 1.000000000000000000e+00 0.000000000000000000e+00
-8.363514008637670250e-01 5.481937014169485645e-01 0.000000000000000000e+00 -8.500556945800781250e+00 -5.481937014169485645e-01 -8.363514008637670250e-01 0.000000000000000000e+00 3.687362670898437500e+00 0.000000000000000000e+00 0.000000000000000000e+00 1.000000000000000000e+00 0.000000000000000000e+00
-6.335770082855152197e-01 7.736796330342270434e-01 0.000000000000000000e+00 -8.219476699829101562e+00 -7.736796330342270434e-01 -6.335770082855152197e-01 0.000000000000000000e+00 3.279458045959472656e+00 0.000000000000000000e+00 0.000000000000000000e+00 1.000000000000000000e+00 0.000000000000000000e+00
-3.067178108366127587e-01 9.518004961732242641e-01 0.000000000000000000e+00 -7.774703025817871094e+00 -9.518004961732242641e-01 -3.067178108366127587e-01 0.000000000000000000e+00 3.088795900344848633e+00 0.000000000000000000e+00 0.000000000000000000e+00 1.000000000000000000e+00 0.000000000000000000e+00
-1.974089253939326910e-02 9.998051295936364324e-01 0.000000000000000000e+00 -7.283932685852050781e+00 -9.998051295936364324e-01 -1.974089253939326910e-02 0.000000000000000000e+00 3.177621364593505859e+00 0.000000000000000000e+00 0.000000000000000000e+00 1.000000000000000000e+00 0.000000000000000000e+00
1.555136777080195210e-01 9.878337390703590959e-01 0.000000000000000000e+00 -6.647915840148925781e+00 -9.878337390703590959e-01 1.555136777080195210e-01 0.000000000000000000e+00 3.204480409622192383e+00 0.000000000000000000e+00 0.000000000000000000e+00 1.000000000000000000e+00 0.000000000000000000e+00
3.899250534268887680e-01 9.208465956444851219e-01 0.000000000000000000e+00 -6.140512943267822266e+00 -9.208465956444851219e-01 3.899250534268887680e-01 0.000000000000000000e+00 3.383644819259643555e+00 0.000000000000000000e+00 0.000000000000000000e+00 1.000000000000000000e+00 0.000000000000000000e+00
6.723628010351985207e-01 7.402217666240989979e-01 0.000000000000000000e+00 -5.980456829071044922e+00 -7.402217666240989979e-01 6.723628010351985207e-01 0.000000000000000000e+00 3.704226016998291016e+00 0.000000000000000000e+00 0.000000000000000000e+00 1.000000000000000000e+00 0.000000000000000000e+00
8.864621449445423407e-01 4.628011080154424972e-01 0.000000000000000000e+00 -5.799998283386230469e+00 -4.628011080154424972e-01 8.864621449445423407e-01 0.000000000000000000e+00 4.161888599395751953e+00 0.000000000000000000e+00 0.000000000000000000e+00 1.000000000000000000e+00 0.000000000000000000e+00
-9.940296575758448272e-01 -1.091102188598696565e-01 0.000000000000000000e+00 -5.600189685821533203e+00 1.091102188598696565e-01 -9.940296575758448272e-01 0.000000000000000000e+00 4.581008911132812500e+00 0.000000000000000000e+00 0.000000000000000000e+00 1.000000000000000000e+00 0.000000000000000000e+00
-9.900924772265513596e-01 1.404168313963495285e-01 0.000000000000000000e+00 -5.743398666381835938e+00 -1.404168313963495285e-01 -9.900924772265513596e-01 0.000000000000000000e+00 5.270818233489990234e+00 0.000000000000000000e+00 0.000000000000000000e+00 1.000000000000000000e+00 0.000000000000000000e+00
-8.788970969504265041e-01 4.770114180731028775e-01 0.000000000000000000e+00 -5.988281726837158203e+00 -4.770114180731028775e-01 -8.788970969504265041e-01 0.000000000000000000e+00 5.672566413879394531e+00 0.000000000000000000e+00 0.000000000000000000e+00 1.000000000000000000e+00 0.000000000000000000e+00
-7.068403671573200153e-01 7.073730948777349203e-01 0.000000000000000000e+00 -6.150778770446777344e+00 -7.073730948777349203e-01 -7.068403671573200153e-01 0.000000000000000000e+00 6.175960540771484375e+00 0.000000000000000000e+00 0.000000000000000000e+00 1.000000000000000000e+00 0.000000000000000000e+00
-4.756177721617120824e-01 8.796520532596565634e-01 0.000000000000000000e+00 -6.477844238281250000e+00 -8.796520532596565634e-01 -4.756177721617120824e-01 0.000000000000000000e+00 6.384837627410888672e+00 0.000000000000000000e+00 0.000000000000000000e+00 1.000000000000000000e+00 0.000000000000000000e+00
-1.034438951407354451e-01 9.946352902235635618e-01 0.000000000000000000e+00 -6.989108562469482422e+00 -9.946352902235635618e-01 -1.034438951407354451e-01 0.000000000000000000e+00 6.570956707000732422e+00 0.000000000000000000e+00 0.000000000000000000e+00 1.000000000000000000e+00 0.000000000000000000e+00
1.788941321829767839e-01 9.838683293360446225e-01 0.000000000000000000e+00 -7.371456623077392578e+00 -9.838683293360446225e-01 1.788941321829767839e-01 0.000000000000000000e+00 6.665039062500000000e+00 0.000000000000000000e+00 0.000000000000000000e+00 1.000000000000000000e+00 0.000000000000000000e+00
6.776352142578220272e-01 7.353982026071016476e-01 0.000000000000000000e+00 -7.776993274688720703e+00 -7.353982026071016476e-01 6.776352142578220272e-01 0.000000000000000000e+00 6.514183998107910156e+00 0.000000000000000000e+00 0.000000000000000000e+00 1.000000000000000000e+00 0.000000000000000000e+00
8.731172309809042131e-01 4.875103085722787277e-01 0.000000000000000000e+00 -8.112166404724121094e+00 -4.875103085722787277e-01 8.731172309809042131e-01 0.000000000000000000e+00 6.279808998107910156e+00 0.000000000000000000e+00 0.000000000000000000e+00 1.000000000000000000e+00 0.000000000000000000e+00
9.537454452016633777e-01 3.006154117091817124e-01 0.000000000000000000e+00 -8.202218055725097656e+00 -3.006154117091817124e-01 9.537454452016633777e-01 0.000000000000000000e+00 5.923998355865478516e+00 0.000000000000000000e+00 0.000000000000000000e+00 1.000000000000000000e+00 0.000000000000000000e+00
9.999746625494818630e-01 7.118585466920335919e-03 0.000000000000000000e+00 -8.199108123779296875e+00 -7.118585466920335919e-03 9.999746625494818630e-01 0.000000000000000000e+00 5.944715023040771484e+00 0.000000000000000000e+00 0.000000000000000000e+00 1.000000000000000000e+00 0.000000000000000000e+00
9.996001943441291671e-01 2.827457280276958473e-02 0.000000000000000000e+00 -8.227514266967773438e+00 -2.827457280276958473e-02 9.996001943441291671e-01 0.000000000000000000e+00 5.433207511901855469e+00 0.000000000000000000e+00 0.000000000000000000e+00 1.000000000000000000e+00 0.000000000000000000e+00
9.910797197193004227e-01 -1.332703611502304153e-01 0.000000000000000000e+00 -8.297059059143066406e+00 1.332703611502304153e-01 9.910797197193004227e-01 0.000000000000000000e+00 4.912853717803955078e+00 0.000000000000000000e+00 0.000000000000000000e+00 1.000000000000000000e+00 0.000000000000000000e+00
9.559152727991637732e-01 -2.936426250211306987e-01 0.000000000000000000e+00 -8.205029487609863281e+00 2.936426250211306987e-01 9.559152727991637732e-01 0.000000000000000000e+00 4.405028343200683594e+00 0.000000000000000000e+00 0.000000000000000000e+00 1.000000000000000000e+00 0.000000000000000000e+00
9.184304416527396819e-01 -3.955825120572868392e-01 0.000000000000000000e+00 -8.106845855712890625e+00 3.955825120572868392e-01 9.184304416527396819e-01 0.000000000000000000e+00 4.001935005187988281e+00 0.000000000000000000e+00 0.000000000000000000e+00 1.000000000000000000e+00 0.000000000000000000e+00
8.531509505825101147e-01 -5.216641213656153520e-01 0.000000000000000000e+00 -7.853394508361816406e+00 5.216641213656153520e-01 8.531509505825101147e-01 0.000000000000000000e+00 3.469590187072753906e+00 0.000000000000000000e+00 0.000000000000000000e+00 1.000000000000000000e+00 0.000000000000000000e+00
8.733063320367608906e-01 -4.871714794859185460e-01 0.000000000000000000e+00 -7.510793209075927734e+00 4.871714794859185460e-01 8.733063320367608906e-01 0.000000000000000000e+00 2.939606428146362305e+00 0.000000000000000000e+00 0.000000000000000000e+00 1.000000000000000000e+00 0.000000000000000000e+00
8.405665453572997992e-01 -5.417083004958429537e-01 0.000000000000000000e+00 -7.110896110534667969e+00 5.417083004958429537e-01 8.405665453572997992e-01 0.000000000000000000e+00 2.359460115432739258e+00 0.000000000000000000e+00 0.000000000000000000e+00 1.000000000000000000e+00 0.000000000000000000e+00
7.780963630136992215e-01 -6.281449274370156655e-01 0.000000000000000000e+00 -6.867064476013183594e+00 6.281449274370156655e-01 7.780963630136992215e-01 0.000000000000000000e+00 1.996847629547119141e+00 0.000000000000000000e+00 0.000000000000000000e+00 1.000000000000000000e+00 0.000000000000000000e+00
6.424268225801464949e-01 -7.663470347235493696e-01 0.000000000000000000e+00 -6.498399257659912109e+00 7.663470347235493696e-01 6.424268225801464949e-01 0.000000000000000000e+00 1.574631214141845703e+00 0.000000000000000000e+00 0.000000000000000000e+00 1.000000000000000000e+00 0.000000000000000000e+00
6.777482957683994558e-01 -7.352939871799782923e-01 0.000000000000000000e+00 -6.031166076660156250e+00 7.352939871799782923e-01 6.777482957683994558e-01 0.000000000000000000e+00 1.157898187637329102e+00 0.000000000000000000e+00 0.000000000000000000e+00 1.000000000000000000e+00 0.000000000000000000e+00
7.403568984455908275e-01 -6.722140008390371513e-01 0.000000000000000000e+00 -5.656556129455566406e+00 6.722140008390371513e-01 7.403568984455908275e-01 0.000000000000000000e+00 8.970551490783691406e-01 0.000000000000000000e+00 0.000000000000000000e+00 1.000000000000000000e+00 0.000000000000000000e+00
7.282009600301192487e-01 -6.853636712076389692e-01 0.000000000000000000e+00 -5.319833278656005859e+00 6.853636712076389692e-01 7.282009600301192487e-01 0.000000000000000000e+00 4.470505714416503906e-01 0.000000000000000000e+00 0.000000000000000000e+00 1.000000000000000000e+00 0.000000000000000000e+00
6.218902734239224461e-01 -7.831043913940969325e-01 0.000000000000000000e+00 -4.984817028045654297e+00 7.831043913940969325e-01 6.218902734239224461e-01 0.000000000000000000e+00 1.556845605373382568e-01 0.000000000000000000e+00 0.000000000000000000e+00 1.000000000000000000e+00 0.000000000000000000e+00
5.473583704917182047e-01 -8.368983296988057319e-01 0.000000000000000000e+00 -4.489493370056152344e+00 8.368983296988057319e-01 5.473583704917182047e-01 0.000000000000000000e+00 -2.609933614730834961e-01 0.000000000000000000e+00 0.000000000000000000e+00 1.000000000000000000e+00 0.000000000000000000e+00
3.538468104932792069e-01 -9.353033917952684462e-01 0.000000000000000000e+00 -4.158707141876220703e+00 9.353033917952684462e-01 3.538468104932792069e-01 0.000000000000000000e+00 -7.073847651481628418e-01 0.000000000000000000e+00 0.000000000000000000e+00 1.000000000000000000e+00 0.000000000000000000e+00
4.196889159538054748e-01 -9.076680085942875342e-01 0.000000000000000000e+00 -3.642033576965332031e+00 9.076680085942875342e-01 4.196889159538054748e-01 0.000000000000000000e+00 -8.682882189750671387e-01 0.000000000000000000e+00 0.000000000000000000e+00 1.000000000000000000e+00 0.000000000000000000e+00
5.653768447992718604e-01 -8.248327244749811271e-01 0.000000000000000000e+00 -3.130704402923583984e+00 8.248327244749811271e-01 5.653768447992718604e-01 0.000000000000000000e+00 -1.068853378295898438e+00 0.000000000000000000e+00 0.000000000000000000e+00 1.000000000000000000e+00 0.000000000000000000e+00
4.701016517391168326e-01 -8.826122801276640173e-01 0.000000000000000000e+00 -2.540840625762939453e+00 8.826122801276640173e-01 4.701016517391168326e-01 0.000000000000000000e+00 -1.444126129150390625e+00 0.000000000000000000e+00 0.000000000000000000e+00 1.000000000000000000e+00 0.000000000000000000e+00
4.484893858617634010e-01 -8.937881576578078358e-01 0.000000000000000000e+00 -2.073413848876953125e+00 8.937881576578078358e-01 4.484893858617634010e-01 0.000000000000000000e+00 -1.465997934341430664e+00 0.000000000000000000e+00 0.000000000000000000e+00 1.000000000000000000e+00 0.000000000000000000e+00
3.384356060468071137e-01 -9.409895539057435698e-01 0.000000000000000000e+00 -2.095029115676879883e+00 9.409895539057435698e-01 3.384356060468071137e-01 0.000000000000000000e+00 -1.518179297447204590e+00 0.000000000000000000e+00 0.000000000000000000e+00 1.000000000000000000e+00 0.000000000000000000e+00
2.542262749990814030e-01 -9.671447673952909829e-01 0.000000000000000000e+00 -1.621791362762451172e+00 9.671447673952909829e-01 2.542262749990814030e-01 0.000000000000000000e+00 -1.601659297943115234e+00 0.000000000000000000e+00 0.000000000000000000e+00 1.000000000000000000e+00 0.000000000000000000e+00
1.114826892286100712e-01 -9.937663759668854402e-01 0.000000000000000000e+00 -1.232063174247741699e+00 9.937663759668854402e-01 1.114826892286100712e-01 0.000000000000000000e+00 -1.474328160285949707e+00 0.000000000000000000e+00 0.000000000000000000e+00 1.000000000000000000e+00 0.000000000000000000e+00
-7.068687065794085345e-02 -9.974985545436081402e-01 0.000000000000000000e+00 -7.939836978912353516e-01 9.974985545436081402e-01 -7.068687065794085345e-02 0.000000000000000000e+00 -1.329926729202270508e+00 0.000000000000000000e+00 0.000000000000000000e+00 1.000000000000000000e+00 0.000000000000000000e+00
-2.735067832985863534e-01 -9.618700741210635119e-01 0.000000000000000000e+00 -3.058244884014129639e-01 9.618700741210635119e-01 -2.735067832985863534e-01 0.000000000000000000e+00 -1.255345106124877930e+00 0.000000000000000000e+00 0.000000000000000000e+00 1.000000000000000000e+00 0.000000000000000000e+00
-4.279360953064697548e-01 -9.038089943864533460e-01 0.000000000000000000e+00 -7.017206400632858276e-02 9.038089943864533460e-01 -4.279360953064697548e-01 0.000000000000000000e+00 -9.912747740745544434e-01 0.000000000000000000e+00 0.000000000000000000e+00 1.000000000000000000e+00 0.000000000000000000e+00
-5.548229873173861071e-01 -8.319684205210025052e-01 0.000000000000000000e+00 2.096375972032546997e-01 8.319684205210025052e-01 -5.548229873173861071e-01 0.000000000000000000e+00 -7.561759948730468750e-01 0.000000000000000000e+00 0.000000000000000000e+00 1.000000000000000000e+00 0.000000000000000000e+00
-6.866236524486943882e-01 -7.270130397028752300e-01 0.000000000000000000e+00 4.592495262622833252e-01 7.270130397028752300e-01 -6.866236524486943882e-01 0.000000000000000000e+00 -5.752170085906982422e-01 0.000000000000000000e+00 0.000000000000000000e+00 1.000000000000000000e+00 0.000000000000000000e+00
-8.041348047299612389e-01 -5.944469831884986455e-01 0.000000000000000000e+00 6.868895292282104492e-01 5.944469831884986455e-01 -8.041348047299612389e-01 0.000000000000000000e+00 -1.785960346460342407e-01 0.000000000000000000e+00 0.000000000000000000e+00 1.000000000000000000e+00 0.000000000000000000e+00
-8.657836422341039784e-01 -5.004185096894887552e-01 0.000000000000000000e+00 9.134277701377868652e-01 5.004185096894887552e-01 -8.657836422341039784e-01 0.000000000000000000e+00 9.238111972808837891e-02 0.000000000000000000e+00 0.000000000000000000e+00 1.000000000000000000e+00 0.000000000000000000e+00
9.251482387359613035e-01 3.796060278285220968e-01 0.000000000000000000e+00 1.110683083534240723e+00 -3.796060278285220968e-01 9.251482387359613035e-01 0.000000000000000000e+00 5.236782431602478027e-01 0.000000000000000000e+00 0.000000000000000000e+00 1.000000000000000000e+00 0.000000000000000000e+00
9.559382768544630871e-01 2.935677278661943390e-01 0.000000000000000000e+00 1.178145885467529297e+00 -2.935677278661943390e-01 9.559382768544630871e-01 0.000000000000000000e+00 9.058516621589660645e-01 0.000000000000000000e+00 0.000000000000000000e+00 1.000000000000000000e+00 0.000000000000000000e+00
9.738628879202303468e-01 2.271366890919847559e-01 0.000000000000000000e+00 1.263201832771301270e+00 -2.271366890919847559e-01 9.738628879202303468e-01 0.000000000000000000e+00 1.355136513710021973e+00 0.000000000000000000e+00 0.000000000000000000e+00 1.000000000000000000e+00 0.000000000000000000e+00
9.964446853914716851e-01 8.424956353056661795e-02 0.000000000000000000e+00 1.318865180015563965e+00 -8.424956353056661795e-02 9.964446853914716851e-01 0.000000000000000000e+00 1.938661575317382812e+00 0.000000000000000000e+00 0.000000000000000000e+00 1.000000000000000000e+00 0.000000000000000000e+00
9.838532619835259618e-01 -1.789769786435546906e-01 0.000000000000000000e+00 1.224915504455566406e+00 1.789769786435546906e-01 9.838532619835259618e-01 0.000000000000000000e+00 2.182894706726074219e+00 0.000000000000000000e+00 0.000000000000000000e+00 1.000000000000000000e+00 0.000000000000000000e+00
9.473513843871366191e-01 -3.201958064993603026e-01 0.000000000000000000e+00 1.099086403846740723e+00 3.201958064993603026e-01 9.473513843871366191e-01 0.000000000000000000e+00 2.532445192337036133e+00 0.000000000000000000e+00 0.000000000000000000e+00 1.000000000000000000e+00 0.000000000000000000e+00
8.669635635437081822e-01 -4.983715275651234289e-01 0.000000000000000000e+00 7.275992631912231445e-01 4.983715275651234289e-01 8.669635635437081822e-01 0.000000000000000000e+00 2.977376461029052734e+00 0.000000000000000000e+00 0.000000000000000000e+00 1.000000000000000000e+00 0.000000000000000000e+00
8.264592607835166138e-01 -5.629965277558675041e-01 0.000000000000000000e+00 4.216563105583190918e-01 5.629965277558675041e-01 8.264592607835166138e-01 0.000000000000000000e+00 3.490318775177001953e+00 0.000000000000000000e+00 0.000000000000000000e+00 1.000000000000000000e+00 0.000000000000000000e+00
7.630727663433033436e-01 -6.463125817011288188e-01 0.000000000000000000e+00 3.204154968261718750e-01 6.463125817011288188e-01 7.630727663433033436e-01 0.000000000000000000e+00 3.729001283645629883e+00 0.000000000000000000e+00 0.000000000000000000e+00 1.000000000000000000e+00 0.000000000000000000e+00
-6.792934245586268460e-01 7.338667749335795465e-01 0.000000000000000000e+00 -1.569692939519882202e-01 -7.338667749335795465e-01 -6.792934245586268460e-01 0.000000000000000000e+00 3.991218328475952148e+00 0.000000000000000000e+00 0.000000000000000000e+00 1.000000000000000000e+00 0.000000000000000000e+00
