9.999999999996428413e-01 8.451122539598993946e-07 0.000000000000000000e+00 -8.000000000000000000e+00 -8.451122539598993946e-07 9.999999999996428413e-01 0.000000000000000000e+00 5.000000000000000000e+00 0.000000000000000000e+00 0.000000000000000000e+00 1.000000000000000000e+00 0.000000000000000000e+00
9.974426492691533808e-01 -7.147140280512670474e-02 0.000000000000000000e+00 -8.008510589599609375e+00 7.147140280512670474e-02 9.974426492691533808e-01 0.000000000000000000e+00 4.602326393127441406e+00 0.000000000000000000e+00 0.000000000000000000e+00 1.000000000000000000e+00 0.000000000000000000e+00
9.894766211780310350e-01 -1.446928337621022631e-01 0.000000000000000000e+00 -7.984857559204101562e+00 1.446928337621022631e-01 9.894766211780310350e-01 0.000000000000000000e+00 4.205802917480468750e+00 0.000000000000000000e+00 0.000000000000000000e+00 1.000000000000000000e+00 0.000000000000000000e+00
9.590306268925312683e-01 -2.833024120654791256e-01 0.000000000000000000e+00 -7.881114482879638672e+00 2.833024120654791256e-01 9.590306268925312683e-01 0.000000000000000000e+00 3.882279396057128906e+00 0.000000000000000000e+00 0.000000000000000000e+00 1.000000000000000000e+00 0.000000000000000000e+00
9.221943961591472227e-01 -3.867266420776641067e-01 0.000000000000000000e+00 -7.714997291564941406e+00 3.867266420776641067e-01 9.221943961591472227e-01 0.000000000000000000e+00 3.572456598281860352e+00 0.000000000000000000e+00 0.000000000000000000e+00 1.000000000000000000e+00 0.000000000000000000e+00
8.521984419895878293e-01 -5.232187071106298992e-01 0.000000000000000000e+00 -7.550547599792480469e+00 5.232187071106298992e-01 8.521984419895878293e-01 0.000000000000000000e+00 3.110616922378540039e+00 0.000000000000000000e+00 0.000000000000000000e+00 1.000000000000000000e+00 0.000000000000000000e+00
8.718190710714159852e-01 -4.898280385157359751e-01 0.000000000000000000e+00 -7.153398990631103516e+00 4.898280385157359751e-01 8.718190710714159852e-01 0.000000000000000000e+00 2.734225749969482422e+00 0.000000000000000000e+00 0.000000000000000000e+00 1.000000000000000000e+00 0.000000000000000000e+00
8.615059983333074323e-01 -5.077473927414410948e-01 0.000000000000000000e+00 -6.887784004211425781e+00 5.077473927414410948e-01 8.615059983333074323e-01 0.000000000000000000e+00 2.336378335952758789e+00 0.000000000000000000e+00 0.000000000000000000e+00 1.000000000000000000e+00 0.000000000000000000e+00
7.763791483664291837e-01 -6.302661485291893850e-01 0.000000000000000000e+00 -6.614190101623535156e+00 6.302661485291893850e-01 7.763791483664291837e-01 0.000000000000000000e+00 2.005356550216674805e+00 0.000000000000000000e+00 0.000000000000000000e+00 1.000000000000000000e+00 0.000000000000000000e+00
7.093525195362839764e-01 -7.048538877154086890e-01 0.000000000000000000e+00 -6.322625637054443359e+00 7.048538877154086890e-01 7.093525195362839764e-01 0.000000000000000000e+00 1.596337676048278809e+00 0.000000000000000000e+00 0.000000000000000000e+00 1.000000000000000000e+00 0.000000000000000000e+00
6.726086483488160628e-01 -7.399983825430828110e-01 0.000000000000000000e+00 -5.925406455993652344e+00 7.399983825430828110e-01 6.726086483488160628e-01 0.000000000000000000e+00 1.350538730621337891e+00 0.000000000000000000e+00 0.000000000000000000e+00 1.000000000000000000e+00 0.000000000000000000e+00
7.593311533184987638e-01 -6.507043872604506562e-01 0.000000000000000000e+00 -5.681673049926757812e+00 6.507043872604506562e-01 7.593311533184987638e-01 0.000000000000000000e+00 1.036908745765686035e+00 0.000000000000000000e+00 0.000000000000000000e+00 1.000000000000000000e+00 0.000000000000000000e+00
7.289038240800058688e-01 -6.846161079331568589e-01 0.000000000000000000e+00 -5.335670948028564453e+00 6.846161079331568589e-01 7.289038240800058688e-01 0.000000000000000000e+00 7.751317620277404785e-01 0.000000000000000000e+00 0.000000000000000000e+00 1.000000000000000000e+00 0.000000000000000000e+00
6.879293695318600133e-01 -7.257776398701586418e-01 0.000000000000000000e+00 -5.068162918090820312e+00 7.257776398701586418e-01 6.879293695318600133e-01 0.000000000000000000e+00 2.606177330017089844e-01 0.000000000000000000e+00 0.000000000000000000e+00 1.000000000000000000e+00 0.000000000000000000e+00
5.432841595706600080e-01 -8.395488800299847343e-01 0.000000000000000000e+00 -4.739655017852783203e+00 8.395488800299847343e-01 5.432841595706600080e-01 0.000000000000000000e+00 1.536763161420822144e-01 0.000000000000000000e+00 0.000000000000000000e+00 1.000000000000000000e+00 0.000000000000000000e+00
5.358011854418988085e-01 -8.443441772636653964e-01 0.000000000000000000e+00 -4.325679302215576172e+00 8.443441772636653964e-01 5.358011854418988085e-01 0.000000000000000000e+00 -1.487953066825866699e-01 0.000000000000000000e+00 0.000000000000000000e+00 1.000000000000000000e+00 0.000000000000000000e+00
4.230486360442265448e-01 -9.061069757711390782e-01 0.000000000000000000e+00 -4.128988265991210938e+00 9.061069757711390782e-01 4.230486360442265448e-01 0.000000000000000000e+00 -3.944745361804962158e-01 0.000000000000000000e+00 0.000000000000000000e+00 1.000000000000000000e+00 0.000000000000000000e+00
4.021356662514313229e-01 -9.155800925798449619e-01 0.000000000000000000e+00 -3.541039228439331055e+00 9.155800925798449619e-01 4.021356662514313229e-01 0.000000000000000000e+00 -5.581042766571044922e-01 0.000000000000000000e+00 0.000000000000000000e+00 1.000000000000000000e+00 0.000000000000000000e+00
4.693641369724848578e-01 -8.830047037949879662e-01 0.000000000000000000e+00 -3.181015729904174805e+00 8.830047037949879662e-01 4.693641369724848578e-01 0.000000000000000000e+00 -8.530711531639099121e-01 0.000000000000000000e+00 0.000000000000000000e+00 1.000000000000000000e+00 0.000000000000000000e+00
4.616062632289059109e-01 -8.870849213845571901e-01 0.000000000000000000e+00 -2.823975801467895508e+00 8.870849213845571901e-01 4.616062632289059109e-01 0.000000000000000000e+00 -8.515806794166564941e-01 0.000000000000000000e+00 0.000000000000000000e+00 1.000000000000000000e+00 0.000000000000000000e+00
3.408927568054484492e-01 -9.401021903801636270e-01 0.000000000000000000e+00 -2.901876688003540039e+00 9.401021903801636270e-01 3.408927568054484492e-01 0.000000000000000000e+00 -9.821287393569946289e-01 0.000000000000000000e+00 0.000000000000000000e+00 1.000000000000000000e+00 0.000000000000000000e+00
2.258443988563175742e-01 -9.741633885058648135e-01 0.000000000000000000e+00 -2.604241371154785156e+00 9.741633885058648135e-01 2.258443988563175742e-01 0.000000000000000000e+00 -9.532316327095031738e-01 0.000000000000000000e+00 0.000000000000000000e+00 1.000000000000000000e+00 0.000000000000000000e+00
1.030608201794425138e-01 -9.946750561585128159e-01 0.000000000000000000e+00 -2.107847452163696289e+00 9.946750561585128159e-01 1.030608201794425138e-01 0.000000000000000000e+00 -9.354056119918823242e-01 0.000000000000000000e+00 0.000000000000000000e+00 1.000000000000000000e+00 0.000000000000000000e+00
-1.144889329835989400e-01 -9.934245236676397806e-01 0.000000000000000000e+00 -1.699058413505554199e+00 9.934245236676397806e-01 -1.144889329835989400e-01 0.000000000000000000e+00 -8.429974913597106934e-01 0.000000000000000000e+00 0.000000000000000000e+00 1.000000000000000000e+00 0.000000000000000000e+00
-2.755492452220480448e-01 -9.612869568747719473e-01 0.000000000000000000e+00 -1.269864082336425781e+00 9.612869568747719473e-01 -2.755492452220480448e-01 0.000000000000000000e+00 -7.645215392112731934e-01 0.000000000000000000e+00 0.000000000000000000e+00 1.000000000000000000e+00 0.000000000000000000e+00
-4.137194402679252869e-01 -9.104044292205495381e-01 0.000000000000000000e+00 -9.668579697608947754e-01 9.104044292205495381e-01 -4.137194402679252869e-01 0.000000000000000000e+00 -5.546458363533020020e-01 0.000000000000000000e+00 0.000000000000000000e+00 1.000000000000000000e+00 0.000000000000000000e+00
-5.623252490621243327e-01 -8.269161470591923635e-01 0.000000000000000000e+00 -8.037313818931579590e-01 8.269161470591923635e-01 -5.623252490621243327e-01 0.000000000000000000e+00 -2.941299378871917725e-01 0.000000000000000000e+00 0.000000000000000000e+00 1.000000000000000000e+00 0.000000000000000000e+00
-6.464141721544369723e-01 -7.629867089523211243e-01 0.000000000000000000e+00 -6.348042488098144531e-01 7.629867089523211243e-01 -6.464141721544369723e-01 0.000000000000000000e+00 -9.621479362249374390e-02 0.000000000000000000e+00 0.000000000000000000e+00 1.000000000000000000e+00 0.000000000000000000e+00
-8.024774532806305816e-01 -5.966824423227429230e-01 0.000000000000000000e+00 -3.799671530723571777e-01 5.966824423227429230e-01 -8.024774532806305816e-01 0.000000000000000000e+00 2.439905852079391479e-01 0.000000000000000000e+00 0.000000000000000000e+00 1.000000000000000000e+00 0.000000000000000000e+00
-8.976547475041094515e-01 -4.406993921975993489e-01 0.000000000000000000e+00 -6.811811029911041260e-02 4.406993921975993489e-01 -8.976547475041094515e-01 0.000000000000000000e+00 6.527849435806274414e-01 0.000000000000000000e+00 0.000000000000000000e+00 1.000000000000000000e+00 0.000000000000000000e+00
9.255255489788648537e-01 3.786851702765384187e-01 0.000000000000000000e+00 5.464608594775199890e-02 -3.786851702765384187e-01 9.255255489788648537e-01 0.000000000000000000e+00 9.721382260322570801e-01 0.000000000000000000e+00 0.000000000000000000e+00 1.000000000000000000e+00 0.000000000000000000e+00
9.592228232357177253e-01 2.826509780342161826e-01 0.000000000000000000e+00 1.786428987979888916e-01 -2.826509780342161826e-01 9.592228232357177253e-01 0.000000000000000000e+00 1.497777819633483887e+00 0.000000000000000000e+00 0.000000000000000000e+00 1.000000000000000000e+00 0.000000000000000000e+00
9.750958083800596032e-01 2.217840492002032260e-01 0.000000000000000000e+00 2.634474039077758789e-01 -2.217840492002032260e-01 9.750958083800596032e-01 0.000000000000000000e+00 1.904335379600524902e+00 0.000000000000000000e+00 0.000000000000000000e+00 1.000000000000000000e+00 0.000000000000000000e+00
9.999991174781356351e-01 1.328549189823832700e-03 0.000000000000000000e+00 3.987078070640563965e-01 -1.328549189823832700e-03 9.999991174781356351e-01 0.000000000000000000e+00 2.141681909561157227e+00 0.000000000000000000e+00 0.000000000000000000e+00 1.000000000000000000e+00 0.000000000000000000e+00
9.813561001728975386e-01 -1.921983471662593035e-01 0.000000000000000000e+00 1.835803091526031494e-01 1.921983471662593035e-01 9.813561001728975386e-01 0.000000000000000000e+00 2.579490184783935547e+00 0.000000000000000000e+00 0.000000000000000000e+00 1.000000000000000000e+00 0.000000000000000000e+00
9.384984191244444274e-01 -3.452835317545836502e-01 0.000000000000000000e+00 6.709786131978029769e-03 3.452835317545836502e-01 9.384984191244444274e-01 0.000000000000000000e+00 3.033657073974609375e+00 0.000000000000000000e+00 0.000000000000000000e+00 1.000000000000000000e+00 0.000000000000000000e+00
8.668952035916916987e-01 -4.984904271796194442e-01 0.000000000000000000e+00 -2.746441364288330078e-01 4.984904271796194442e-01 8.668952035916916987e-01 0.000000000000000000e+00 3.317551851272583008e+00 0.000000000000000000e+00 0.000000000000000000e+00 1.000000000000000000e+00 0.000000000000000000e+00
7.715712561723975238e-01 -6.361429058384197033e-01 0.000000000000000000e+00 -4.151598513126373291e-01 6.361429058384197033e-01 7.715712561723975238e-01 0.000000000000000000e+00 3.763166904449462891e+00 0.000000000000000000e+00 0.000000000000000000e+00 1.000000000000000000e+00 0.000000000000000000e+00
7.630121274182737334e-01 -6.463841685968492179e-01 0.000000000000000000e+00 -5.897272825241088867e-01 6.463841685968492179e-01 7.630121274182737334e-01 0.000000000000000000e+00 4.161270618438720703e+00 0.000000000000000000e+00 0.000000000000000000e+00 1.000000000000000000e+00 0.000000000000000000e+00
7.466868857725527109e-01 -6.651756870295898461e-01 0.000000000000000000e+00 -9.229856729507446289e-01 6.651756870295898461e-01 7.466868857725527109e-01 0.000000000000000000e+00 4.619147300720214844e+00 0.000000000000000000e+00 0.000000000000000000e+00 1.000000000000000000e+00 0.000000000000000000e+00
-7.576135797656198267e-01 6.527033505006105685e-01 0.000000000000000000e+00 -8.345829248428344727e-01 -6.527033505006105685e-01 -7.576135797656198267e-01 0.000000000000000000e+00 4.477964878082275391e+00 0.000000000000000000e+00 0.000000000000000000e+00 1.000000000000000000e+00 0.000000000000000000e+00
6.318524691409785898e-01 -7.750886770173130991e-01 0.000000000000000000e+00 -1.408609271049499512e+00 7.750886770173130991e-01 6.318524691409785898e-01 0.000000000000000000e+00 4.937280178070068359e+00 0.000000000000000000e+00 0.000000000000000000e+00 1.000000000000000000e+00 0.000000000000000000e+00
4.743352931064426237e-01 -8.803442677234998293e-01 0.000000000000000000e+00 -1.790341854095458984e+00 8.803442677234998293e-01 4.743352931064426237e-01 0.000000000000000000e+00 5.160662651062011719e+00 0.000000000000000000e+00 0.000000000000000000e+00 1.000000000000000000e+00 0.000000000000000000e+00
3.807188004117348368e-01 -9.246908645666667148e-01 0.000000000000000000e+00 -2.226042032241821289e+00 9.246908645666667148e-01 3.807188004117348368e-01 0.000000000000000000e+00 5.512644290924072266e+00 0.000000000000000000e+00 0.000000000000000000e+00 1.000000000000000000e+00 0.000000000000000000e+00
2.741591270569436189e-01 -9.616843416898159802e-01 0.000000000000000000e+00 -2.689339637756347656e+00 9.616843416898159802e-01 2.741591270569436189e-01 0.000000000000000000e+00 5.797146320343017578e+00 0.000000000000000000e+00 0.000000000000000000e+00 1.000000000000000000e+00 0.000000000000000000e+00
2.109337929580556159e-01 -9.775003503775986369e-01 0.000000000000000000e+00 -3.174120426177978516e+00 9.775003503775986369e-01 2.109337929580556159e-01 0.000000000000000000e+00 5.849636077880859375e+00 0.000000000000000000e+00 0.000000000000000000e+00 1.000000000000000000e+00 0.000000000000000000e+00
1.794933691234363304e-01 -9.837591831544536536e-01 0.000000000000000000e+00 -3.557865142822265625e+00 9.837591831544536536e-01 1.794933691234363304e-01 0.000000000000000000e+00 5.890688419342041016e+00 0.000000000000000000e+00 0.000000000000000000e+00 1.000000000000000000e+00 0.000000000000000000e+00
5.321611515416803384e-02 -9.985830186258417562e-01 0.000000000000000000e+00 -4.069358348846435547e+00 9.985830186258417562e-01 5.321611515416803384e-02 0.000000000000000000e+00 6.201626777648925781e+00 0.000000000000000000e+00 0.000000000000000000e+00 1.000000000000000000e+00 0.000000000000000000e+00
-7.569170441248507242e-02 -9.971312681302963998e-01 0.000000000000000000e+00 -4.542056083679199219e+00 9.971312681302963998e-01 -7.569170441248507242e-02 0.000000000000000000e+00 6.180641174316406250e+00 0.000000000000000000e+00 0.000000000000000000e+00 1.000000000000000000e+00 0.000000000000000000e+00
-1.052671493876129044e-01 -9.944439789449207590e-01 0.000000000000000000e+00 -5.118100166320800781e+00 9.944439789449207590e-01 -1.052671493876129044e-01 0.000000000000000000e+00 6.172322750091552734e+00 0.000000000000000000e+00 0.000000000000000000e+00 1.000000000000000000e+00 0.000000000000000000e+00
-1.903444993442110489e-01 -9.817173582907666729e-01 0.000000000000000000e+00 -5.564122200012207031e+00 9.817173582907666729e-01 -1.903444993442110489e-01 0.000000000000000000e+00 6.215605735778808594e+00 0.000000000000000000e+00 0.000000000000000000e+00 1.000000000000000000e+00 0.000000000000000000e+00
-1.640363819997536499e-01 -9.864542895544784473e-01 0.000000000000000000e+00 -6.005295753479003906e+00 9.864542895544784473e-01 -1.640363819997536499e-01 0.000000000000000000e+00 6.052120685577392578e+00 0.000000000000000000e+00 0.000000000000000000e+00 1.000000000000000000e+00 0.000000000000000000e+00
-3.574153849634635338e-01 -9.339455244238922260e-01 0.000000000000000000e+00 -6.467910766601562500e+00 9.339455244238922260e-01 -3.574153849634635338e-01 0.000000000000000000e+00 6.025209426879882812e+00 0.000000000000000000e+00 0.000000000000000000e+00 1.000000000000000000e+00 0.000000000000000000e+00
-4.079742794654829252e-01 -9.129934212767472079e-01 0.000000000000000000e+00 -6.756065845489501953e+00 9.129934212767472079e-01 -4.079742794654829252e-01 0.000000000000000000e+00 6.051345825195312500e+00 0.000000000000000000e+00 0.000000000000000000e+00 1.000000000000000000e+00 0.000000000000000000e+00
-5.075534215617684142e-01 -8.616202900703660017e-01 0.000000000000000000e+00 -7.066892147064208984e+00 8.616202900703660017e-01 -5.075534215617684142e-01 0.000000000000000000e+00 5.804246902465820312e+00 0.000000000000000000e+00 0.000000000000000000e+00 1.000000000000000000e+00 0.000000000000000000e+00
-5.921330149275538801e-01 -8.058402401424274997e-01 0.000000000000000000e+00 -7.600541114807128906e+00 8.058402401424274997e-01 -5.921330149275538801e-01 0.000000000000000000e+00 5.726089000701904297e+00 0.000000000000000000e+00 0.000000000000000000e+00 1.000000000000000000e+00 0.000000000000000000e+00
-6.898692448524028631e-01 -7.239339921614230677e-01 0.000000000000000000e+00 -8.074226379394531250e+00 7.239339921614230677e-01 -6.898692448524028631e-01 0.000000000000000000e+00 5.404610157012939453e+00 0.000000000000000000e+00 0.000000000000000000e+00 1.000000000000000000e+00 0.000000000000000000e+00
-7.515756092889198658e-01 -6.596469536971946157e-01 0.000000000000000000e+00 -8.290129661560058594e+00 6.596469536971946157e-01 -7.515756092889198658e-01 0.000000000000000000e+00 5.090676307678222656e+00 0.000000000000000000e+00 0.000000000000000000e+00 1.000000000000000000e+00 0.000000000000000000e+00
-9.526426162583244706e-01 -3.040921664372411293e-01 0.000000000000000000e+00 -8.621400833129882812e+00 3.040921664372411293e-01 -9.526426162583244706e-01 0.000000000000000000e+00 4.680588245391845703e+00 0.000000000000000000e+00 0.000000000000000000e+00 1.000000000000000000e+00 0.000000000000000000e+00
-9.790311231991333241e-01 -2.037107258036341406e-01 0.000000000000000000e+00 -8.762913703918457031e+00 2.037107258036341406e-01 -9.790311231991333241e-01 0.000000000000000000e+00 4.328832626342773438e+00 0.000000000000000000e+00 0.000000000000000000e+00 1.000000000000000000e+00 0.000000000000000000e+00
1.370532662616342212e-01 -9.905636790267536851e-01 0.000000000000000000e+00 -8.657787322998046875e+00 9.905636790267536851e-01 1.370532662616342212e-01 0.000000000000000000e+00 4.422581195831298828e+00 0.000000000000000000e+00 0.000000000000000000e+00 1.000000000000000000e+00 0.000000000000000000e+00
-9.662733862744862234e-01 2.575184323065780045e-01 0.000000000000000000e+00 -8.569283485412597656e+00 -2.575184323065780045e-01 -9.662733862744862234e-01 0.000000000000000000e+00 4.040383815765380859e+00 0.000000000000000000e+00 0.000000000000000000e+00 1.000000000000000000e+00 0.000000000000000000e+00
-8.337194856794075681e-01 5.521882099415598155e-01 0.000000000000000000e+00 -8.492915153503417969e+00 -5.521882099415598155e-01 -8.337194856794075681e-01 0.000000000000000000e+00 3.689504623413085938e+00 0.000000000000000000e+00 0.000000000000000000e+00 1.000000000000000000e+00 0.000000000000000000e+00
-6.298428503524468036e-01 7.767225913155257899e-01 0.000000000000000000e+00 -8.209819793701171875e+00 -7.767225913155257899e-01 -6.298428503524468036e-01 0.000000000000000000e+00 3.282999992370605469e+00 0.000000000000000000e+00 0.000000000000000000e+00 1.000000000000000000e+00 0.000000000000000000e+00
-3.021413705643097858e-01 9.532631285188368775e-01 0.000000000000000000e+00 -7.764065265655517578e+00 -9.532631285188368775e-01 -3.021413705643097858e-01 0.000000000000000000e+00 3.094533205032348633e+00 0.000000000000000000e+00 0.000000000000000000e+00 1.000000000000000000e+00 0.000000000000000000e+00
-1.497288622304720693e-02 9.998879000558771324e-01 0.000000000000000000e+00 -7.273659706115722656e+00 -9.998879000558771324e-01 -1.497288622304720693e-02 0.000000000000000000e+00 3.185766458511352539e+00 0.000000000000000000e+00 0.000000000000000000e+00 1.000000000000000000e+00 0.000000000000000000e+00
1.601514129212643078e-01 9.870924601775269425e-01 0.000000000000000000e+00 -6.637711524963378906e+00 -9.870924601775269425e-01 1.601514129212643078e-01 0.000000000000000000e+00 3.215708017349243164e+00 0.000000000000000000e+00 0.000000000000000000e+00 1.000000000000000000e+00 0.000000000000000000e+00
3.941645206827119607e-01 9.190398961062397065e-01 0.000000000000000000e+00 -6.131091594696044922e+00 -9.190398961062397065e-01 3.941645206827119607e-01 0.000000000000000000e+00 3.397303104400634766e+00 0.000000000000000000e+00 0.000000000000000000e+00 1.000000000000000000e+00 0.000000000000000000e+00
6.757115652914861270e-01 7.371661146114421026e-01 0.000000000000000000e+00 -5.972452640533447266e+00 -7.371661146114421026e-01 6.757115652914861270e-01 0.000000000000000000e+00 3.718666791915893555e+00 0.000000000000000000e+00 0.000000000000000000e+00 1.000000000000000000e+00 0.000000000000000000e+00
8.885263880298425176e-01 4.588255199688021646e-01 0.000000000000000000e+00 -5.794011116027832031e+00 -4.588255199688021646e-01 8.885263880298425176e-01 0.000000000000000000e+00 4.177190780639648438e+00 0.000000000000000000e+00 0.000000000000000000e+00 1.000000000000000000e+00 0.000000000000000000e+00
-9.945045393153272295e-01 -1.046934634120424978e-01 0.000000000000000000e+00 -5.596024513244628906e+00 1.046934634120424978e-01 -9.945045393153272295e-01 0.000000000000000000e+00 4.597249031066894531e+00 0.000000000000000000e+00 0.000000000000000000e+00 1.000000000000000000e+00 0.000000000000000000e+00
-9.894569460434895491e-01 1.448273176106321114e-01 0.000000000000000000e+00 -5.742239475250244141e+00 -1.448273176106321114e-01 -9.894569460434895491e-01 0.000000000000000000e+00 5.286462306976318359e+00 0.000000000000000000e+00 0.000000000000000000e+00 1.000000000000000000e+00 0.000000000000000000e+00
-8.767387147530805169e-01 4.809669698150970119e-01 0.000000000000000000e+00 -5.988853454589843750e+00 -4.809669698150970119e-01 -8.767387147530805169e-01 0.000000000000000000e+00 5.687162876129150391e+00 0.000000000000000000e+00 0.000000000000000000e+00 1.000000000000000000e+00 0.000000000000000000e+00
-7.035819995137718719e-01 7.106140794835145158e-01 0.000000000000000000e+00 -6.153558731079101562e+00 -7.106140794835145158e-01 -7.035819995137718719e-01 0.000000000000000000e+00 6.189867496490478516e+00 0.000000000000000000e+00 0.000000000000000000e+00 1.000000000000000000e+00 0.000000000000000000e+00
-4.714662330134450352e-01 8.818841143416248363e-01 0.000000000000000000e+00 -6.481519699096679688e+00 -8.818841143416248363e-01 -4.714662330134450352e-01 0.000000000000000000e+00 6.397287845611572266e+00 0.000000000000000000e+00 0.000000000000000000e+00 1.000000000000000000e+00 0.000000000000000000e+00
-9.860077359753165183e-02 9.951270710044864964e-01 0.000000000000000000e+00 -6.993590831756591797e+00 -9.951270710044864964e-01 -9.860077359753165183e-02 0.000000000000000000e+00 6.581044197082519531e+00 0.000000000000000000e+00 0.000000000000000000e+00 1.000000000000000000e+00 0.000000000000000000e+00
1.838574976386878057e-01 9.829529086187394071e-01 0.000000000000000000e+00 -7.376322746276855469e+00 -9.829529086187394071e-01 1.838574976386878057e-01 0.000000000000000000e+00 6.673315525054931641e+00 0.000000000000000000e+00 0.000000000000000000e+00 1.000000000000000000e+00 0.000000000000000000e+00
6.814741188928813420e-01 7.318422133760603687e-01 0.000000000000000000e+00 -7.781017303466796875e+00 -7.318422133760603687e-01 6.814741188928813420e-01 0.000000000000000000e+00 6.520469188690185547e+00 0.000000000000000000e+00 0.000000000000000000e+00 1.000000000000000000e+00 0.000000000000000000e+00
8.757438071768253174e-01 4.827761222258608598e-01 0.000000000000000000e+00 -8.114877700805664062e+00 -4.827761222258608598e-01 8.757438071768253174e-01 0.000000000000000000e+00 6.284398078918457031e+00 0.000000000000000000e+00 0.000000000000000000e+00 1.000000000000000000e+00 0.000000000000000000e+00
9.554036157504030013e-01 2.953031171712489078e-01 0.000000000000000000e+00 -8.202916145324707031e+00 -2.953031171712489078e-01 9.554036157504030013e-01 0.000000000000000000e+00 5.928161621093750000e+00 0.000000000000000000e+00 0.000000000000000000e+00 1.000000000000000000e+00 0.000000000000000000e+00
9.999990140556229701e-01 1.404239218185960886e-03 0.000000000000000000e+00 -8.199829101562500000e+00 -1.404239218185960886e-03 9.999990140556229701e-01 0.000000000000000000e+00 5.948953628540039062e+00 0.000000000000000000e+00 0.000000000000000000e+00 1.000000000000000000e+00 0.000000000000000000e+00
9.997734978200611966e-01 2.128269382949444719e-02 0.000000000000000000e+00 -8.225797653198242188e+00 -2.128269382949444719e-02 9.997734978200611966e-01 0.000000000000000000e+00 5.437850952148437500e+00 0.000000000000000000e+00 0.000000000000000000e+00 1.000000000000000000e+00 0.000000000000000000e+00
9.899016471210903001e-01 -1.417558782800644457e-01 0.000000000000000000e+00 -8.292215347290039062e+00 1.417558782800644457e-01 9.899016471210903001e-01 0.000000000000000000e+00 4.917583465576171875e+00 0.000000000000000000e+00 0.000000000000000000e+00 1.000000000000000000e+00 0.000000000000000000e+00
9.558868268107264532e-01 -2.937352112527884529e-01 0.000000000000000000e+00 -8.201936721801757812e+00 2.937352112527884529e-01 9.558868268107264532e-01 0.000000000000000000e+00 4.408379077911376953e+00 0.000000000000000000e+00 0.000000000000000000e+00 1.000000000000000000e+00 0.000000000000000000e+00
9.209127218395924963e-01 -3.897688529808319147e-01 0.000000000000000000e+00 -8.109068870544433594e+00 3.897688529808319147e-01 9.209127218395924963e-01 0.000000000000000000e+00 4.002746105194091797e+00 0.000000000000000000e+00 0.000000000000000000e+00 1.000000000000000000e+00 0.000000000000000000e+00
8.531849340818730143e-01 -5.216085392856505409e-01 0.000000000000000000e+00 -7.851423740386962891e+00 5.216085392856505409e-01 8.531849340818730143e-01 0.000000000000000000e+00 3.470567464828491211e+00 0.000000000000000000e+00 0.000000000000000000e+00 1.000000000000000000e+00 0.000000000000000000e+00
8.720151984273941670e-01 -4.894787980205398403e-01 0.000000000000000000e+00 -7.501733779907226562e+00 4.894787980205398403e-01 8.720151984273941670e-01 0.000000000000000000e+00 2.941709518432617188e+00 0.000000000000000000e+00 0.000000000000000000e+00 1.000000000000000000e+00 0.000000000000000000e+00
8.395414730491236321e-01 -5.432956055689275310e-01 0.000000000000000000e+00 -7.103819847106933594e+00 5.432956055689275310e-01 8.395414730491236321e-01 0.000000000000000000e+00 2.361203193664550781e+00 0.000000000000000000e+00 0.000000000000000000e+00 1.000000000000000000e+00 0.000000000000000000e+00
7.764644178727347912e-01 -6.301610966868353980e-01 0.000000000000000000e+00 -6.862779617309570312e+00 6.301610966868353980e-01 7.764644178727347912e-01 0.000000000000000000e+00 1.997619390487670898e+00 0.000000000000000000e+00 0.000000000000000000e+00 1.000000000000000000e+00 0.000000000000000000e+00
6.387533359579555814e-01 -7.694115776374716997e-01 0.000000000000000000e+00 -6.492571353912353516e+00 7.694115776374716997e-01 6.387533359579555814e-01 0.000000000000000000e+00 1.579108476638793945e+00 0.000000000000000000e+00 0.000000000000000000e+00 1.000000000000000000e+00 0.000000000000000000e+00
6.736283878142795833e-01 -7.390702234096124812e-01 0.000000000000000000e+00 -6.022818088531494141e+00 7.390702234096124812e-01 6.736283878142795833e-01 0.000000000000000000e+00 1.167277812957763672e+00 0.000000000000000000e+00 0.000000000000000000e+00 1.000000000000000000e+00 0.000000000000000000e+00
7.385005030700207973e-01 -6.742529250699074161e-01 0.000000000000000000e+00 -5.647214889526367188e+00 6.742529250699074161e-01 7.385005030700207973e-01 0.000000000000000000e+00 9.066784381866455078e-01 0.000000000000000000e+00 0.000000000000000000e+00 1.000000000000000000e+00 0.000000000000000000e+00
7.278001295248938129e-01 -6.857893054455922455e-01 0.000000000000000000e+00 -5.309597969055175781e+00 6.857893054455922455e-01 7.278001295248938129e-01 0.000000000000000000e+00 4.558785557746887207e-01 0.000000000000000000e+00 0.000000000000000000e+00 1.000000000000000000e+00 0.000000000000000000e+00
6.200085341153728224e-01 -7.845950660207510197e-01 0.000000000000000000e+00 -4.971509456634521484e+00 7.845950660207510197e-01 6.200085341153728224e-01 0.000000000000000000e+00 1.624106764793395996e-01 0.000000000000000000e+00 0.000000000000000000e+00 1.000000000000000000e+00 0.000000000000000000e+00
5.438258404493819809e-01 -8.391981025118702142e-01 0.000000000000000000e+00 -4.472366333007812500e+00 8.391981025118702142e-01 5.438258404493819809e-01 0.000000000000000000e+00 -2.555147707462310791e-01 0.000000000000000000e+00 0.000000000000000000e+00 1.000000000000000000e+00 0.000000000000000000e+00
3.517741095270747187e-01 -9.360849191534033054e-01 0.000000000000000000e+00 -4.140722751617431641e+00 9.360849191534033054e-01 3.517741095270747187e-01 0.000000000000000000e+00 -6.962136030197143555e-01 0.000000000000000000e+00 0.000000000000000000e+00 1.000000000000000000e+00 0.000000000000000000e+00
4.212558183340825990e-01 -9.069418589522055818e-01 0.000000000000000000e+00 -3.624932765960693359e+00 9.069418589522055818e-01 4.212558183340825990e-01 0.000000000000000000e+00 -8.517008423805236816e-01 0.000000000000000000e+00 0.000000000000000000e+00 1.000000000000000000e+00 0.000000000000000000e+00
5.655881325214250355e-01 -8.246878587386423654e-01 0.000000000000000000e+00 -3.114080905914306641e+00 8.246878587386423654e-01 5.655881325214250355e-01 0.000000000000000000e+00 -1.053103923797607422e+00 0.000000000000000000e+00 0.000000000000000000e+00 1.000000000000000000e+00 0.000000000000000000e+00
4.690808518068321775e-01 -8.831552267116901112e-01 0.000000000000000000e+00 -2.524353265762329102e+00 8.831552267116901112e-01 4.690808518068321775e-01 0.000000000000000000e+00 -1.428442120552062988e+00 0.000000000000000000e+00 0.000000000000000000e+00 1.000000000000000000e+00 0.000000000000000000e+00
4.487930213480373354e-01 -8.936357333887785526e-01 0.000000000000000000e+00 -2.056455850601196289e+00 8.936357333887785526e-01 4.487930213480373354e-01 0.000000000000000000e+00 -1.447193861007690430e+00 0.000000000000000000e+00 0.000000000000000000e+00 1.000000000000000000e+00 0.000000000000000000e+00
3.402231707237826086e-01 -9.403447208883856101e-01 0.000000000000000000e+00 -2.077745437622070312e+00 9.403447208883856101e-01 3.402231707237826086e-01 0.000000000000000000e+00 -1.496832013130187988e+00 0.000000000000000000e+00 0.000000000000000000e+00 1.000000000000000000e+00 0.000000000000000000e+00
2.524498795361199699e-01 -9.676099722110136359e-01 0.000000000000000000e+00 -1.606309890747070312e+00 9.676099722110136359e-01 2.524498795361199699e-01 0.000000000000000000e+00 -1.585093021392822266e+00 0.000000000000000000e+00 0.000000000000000000e+00 1.000000000000000000e+00 0.000000000000000000e+00
1.046839672135551347e-01 -9.945055389531177736e-01 0.000000000000000000e+00 -1.218708753585815430e+00 9.945055389531177736e-01 1.046839672135551347e-01 0.000000000000000000e+00 -1.460680365562438965e+00 0.000000000000000000e+00 0.000000000000000000e+00 1.000000000000000000e+00 0.000000000000000000e+00
-7.548908956428147798e-02 -9.971466278119561766e-01 0.000000000000000000e+00 -7.802891731262207031e-01 9.971466278119561766e-01 -7.548908956428147798e-02 0.000000000000000000e+00 -1.311672806739807129e+00 0.000000000000000000e+00 0.000000000000000000e+00 1.000000000000000000e+00 0.000000000000000000e+00
-2.755193359671961884e-01 -9.612955297452471237e-01 0.000000000000000000e+00 -2.911688387393951416e-01 9.612955297452471237e-01 -2.755193359671961884e-01 0.000000000000000000e+00 -1.233140707015991211e+00 0.000000000000000000e+00 0.000000000000000000e+00 1.000000000000000000e+00 0.000000000000000000e+00
-4.317128070322754363e-01 -9.020111153662759840e-01 0.000000000000000000e+00 -5.481611192226409912e-02 9.020111153662759840e-01 -4.317128070322754363e-01 0.000000000000000000e+00 -9.719595313072204590e-01 0.000000000000000000e+00 0.000000000000000000e+00 1.000000000000000000e+00 0.000000000000000000e+00
-5.610701231823601587e-01 -8.277682748644883404e-01 0.000000000000000000e+00 2.251554876565933228e-01 8.277682748644883404e-01 -5.610701231823601587e-01 0.000000000000000000e+00 -7.390822172164916992e-01 0.000000000000000000e+00 0.000000000000000000e+00 1.000000000000000000e+00 0.000000000000000000e+00
-6.894684901935165255e-01 -7.243156777471221330e-01 0.000000000000000000e+00 4.719863533973693848e-01 7.243156777471221330e-01 -6.894684901935165255e-01 0.000000000000000000e+00 -5.525258183479309082e-01 0.000000000000000000e+00 0.000000000000000000e+00 1.000000000000000000e+00 0.000000000000000000e+00
-8.034311337360509064e-01 -5.953976934315449165e-01 0.000000000000000000e+00 6.964354515075683594e-01 5.953976934315449165e-01 -8.034311337360509064e-01 0.000000000000000000e+00 -1.514350175857543945e-01 0.000000000000000000e+00 0.000000000000000000e+00 1.000000000000000000e+00 0.000000000000000000e+00
-8.656262307629324360e-01 -5.006907514775547074e-01 0.000000000000000000e+00 9.246656894683837891e-01 5.006907514775547074e-01 -8.656262307629324360e-01 0.000000000000000000e+00 1.194049566984176636e-01 0.000000000000000000e+00 0.000000000000000000e+00 1.000000000000000000e+00 0.000000000000000000e+00
9.255744873178755050e-01 3.785655404632756738e-01 0.000000000000000000e+00 1.123435020446777344e+00 -3.785655404632756738e-01 9.255744873178755050e-01 0.000000000000000000e+00 5.507429242134094238e-01 0.000000000000000000e+00 0.000000000000000000e+00 1.000000000000000000e+00 0.000000000000000000e+00
9.569708774546651364e-01 2.901839756148643645e-01 0.000000000000000000e+00 1.188739776611328125e+00 -2.901839756148643645e-01 9.569708774546651364e-01 0.000000000000000000e+00 9.306018352508544922e-01 0.000000000000000000e+00 0.000000000000000000e+00 1.000000000000000000e+00 0.000000000000000000e+00
9.750363556711985069e-01 2.220452771833440753e-01 0.000000000000000000e+00 1.270326972007751465e+00 -2.220452771833440753e-01 9.750363556711985069e-01 0.000000000000000000e+00 1.377852201461791992e+00 0.000000000000000000e+00 0.000000000000000000e+00 1.000000000000000000e+00 0.000000000000000000e+00
9.970703396034279464e-01 7.649011624455111236e-02 0.000000000000000000e+00 1.322335481643676758e+00 -7.649011624455111236e-02 9.970703396034279464e-01 0.000000000000000000e+00 1.961936473846435547e+00 0.000000000000000000e+00 0.000000000000000000e+00 1.000000000000000000e+00 0.000000000000000000e+00
9.819681450239690079e-01 -1.890464550267615951e-01 0.000000000000000000e+00 1.225930690765380859e+00 1.890464550267615951e-01 9.819681450239690079e-01 0.000000000000000000e+00 2.205627679824829102e+00 0.000000000000000000e+00 0.000000000000000000e+00 1.000000000000000000e+00 0.000000000000000000e+00
9.461794162359741245e-01 -3.236425687256719308e-01 0.000000000000000000e+00 1.102199912071228027e+00 3.236425687256719308e-01 9.461794162359741245e-01 0.000000000000000000e+00 2.554781675338745117e+00 0.000000000000000000e+00 0.000000000000000000e+00 1.000000000000000000e+00 0.000000000000000000e+00
8.668640930785996845e-01 -4.985445257256536089e-01 0.000000000000000000e+00 7.345987558364868164e-01 4.985445257256536089e-01 8.668640930785996845e-01 0.000000000000000000e+00 3.000117778778076172e+00 0.000000000000000000e+00 0.000000000000000000e+00 1.000000000000000000e+00 0.000000000000000000e+00
8.261805676684553790e-01 -5.634054220603746943e-01 0.000000000000000000e+00 4.271659553050994873e-01 5.634054220603746943e-01 8.261805676684553790e-01 0.000000000000000000e+00 3.512640953063964844e+00 0.000000000000000000e+00 0.000000000000000000e+00 1.000000000000000000e+00 0.000000000000000000e+00
7.628134436058809920e-01 -6.466186281372795497e-01 0.000000000000000000e+00 3.244176208972930908e-01 6.466186281372795497e-01 7.628134436058809920e-01 0.000000000000000000e+00 3.750907659530639648e+00 0.000000000000000000e+00 0.000000000000000000e+00 1.000000000000000000e+00 0.000000000000000000e+00
-6.789988996222832141e-01 7.341392880862108727e-01 0.000000000000000000e+00 -1.530722379684448242e-01 -7.341392880862108727e-01 -6.789988996222832141e-01 0.000000000000000000e+00 4.012932777404785156e+00 0.000000000000000000e+00 0.000000000000000000e+00 1.000000000000000000e+00 0.000000000000000000e+00
